n	ValueBased/Qsort_straight	ValueBased/Qsort_2_6_6	ValueBased/Qsort_2_6_11	ValueBased/Insertion
1	0	0	0	0	
2	4	3	2	4	
3	4	3	3	6	
4	4	3	3	7	
5	4	3	3	7	
6	4	3	4	7	
7	5	4	5	7	
8	5	5	5	8	
9	5	5	5	8	
10	5	5	5	8	
11	5	5	6	8	
12	6	5	6	9	
13	6	6	6	8	
14	6	6	7	9	
15	6	7	9	9	
16	6	7	7	9	
17	7	7	8	10	
18	7	7	8	10	
19	7	8	8	10	
20	7	8	9	11	
21	7	8	9	12	
22	7	8	10	11	
23	8	9	10	14	
24	8	9	10	12	
25	8	10	11	11	
26	8	10	11	12	
27	8	10	11	12	
28	9	10	12	13	
29	9	10	12	13	
30	9	11	12	14	
31	10	11	13	13	
32	10	12	14	14	
33	10	12	14	15	
34	10	12	14	14	
35	10	12	14	16	
36	11	13	16	15	
37	11	14	15	16	
38	11	14	16	16	
39	11	14	16	17	
40	69	14	16	17	
41	74	15	17	18	
42	66	15	17	17	
43	68	16	18	19	
44	69	15	18	19	
45	69	16	18	19	
46	74	19	19	19	
47	75	16	19	20	
48	78	17	20	21	
49	75	17	20	21	
50	74	18	21	22	
51	77	18	21	22	
52	72	18	21	22	
53	69	19	22	24	
54	72	19	22	23	
55	69	20	22	24	
56	71	20	26	24	
57	76	20	23	25	
58	73	20	24	25	
59	79	22	24	26	
60	72	21	24	26	
61	70	22	25	27	
62	76	21	26	27	
63	74	22	26	28	
64	75	23	26	29	
65	76	25	27	29	
66	73	23	27	30	
67	80	24	27	30	
68	77	24	27	31	
69	76	25	28	31	
70	77	25	28	32	
71	75	25	29	33	
72	79	26	30	33	
73	75	26	29	33	
74	80	26	30	35	
75	79	27	30	35	
76	78	27	33	36	
77	79	29	32	36	
78	77	28	31	37	
79	76	28	32	39	
80	87	29	33	39	
81	78	29	33	39	
82	89	30	34	43	
83	90	30	34	41	
84	73	30	34	42	
85	88	31	35	42	
86	82	31	35	42	
87	81	31	38	43	
88	87	31	36	44	
89	84	32	36	46	
90	88	32	38	46	
91	82	33	37	47	
92	82	33	38	47	
93	90	34	37	47	
94	83	34	37	48	
95	86	34	40	49	
96	82	35	39	50	
97	84	35	39	55	
98	82	36	42	52	
99	91	36	41	55	
100	92	37	42	53	
101	82	37	41	55	
102	94	38	42	57	
103	88	39	42	56	
104	84	37	43	57	
105	91	41	44	61	
106	87	39	44	58	
107	89	39	45	61	
108	86	40	44	62	
109	87	40	44	61	
110	89	41	45	62	
111	95	40	46	65	
112	87	41	45	64	
113	96	44	48	65	
114	90	42	47	66	
115	90	42	49	69	
116	95	45	48	69	
117	95	43	48	71	
118	94	43	48	69	
119	88	44	50	70	
120	91	45	49	71	
121	97	45	49	73	
122	91	45	50	73	
123	99	50	50	75	
124	94	46	51	77	
125	89	48	57	79	
126	92	47	52	80	
127	92	47	53	78	
128	97	48	55	81	
129	89	48	53	81	
130	94	48	56	83	
131	91	52	54	82	
132	92	49	55	84	
133	100	51	60	88	
134	101	50	57	86	
135	98	52	60	95	
136	95	51	56	88	
137	94	53	57	90	
138	106	52	57	92	
139	99	52	58	91	
140	97	52	59	96	
141	108	53	58	94	
142	95	53	58	94	
143	98	57	61	101	
144	97	55	60	98	
145	99	57	60	98	
146	106	57	60	104	
147	100	61	61	100	
148	103	56	62	103	
149	111	57	63	103	
150	117	58	63	111	
151	116	57	64	108	
152	100	58	64	107	
153	99	58	70	108	
154	99	61	65	110	
155	101	58	65	117	
156	105	59	66	111	
157	100	60	70	112	
158	101	60	67	116	
159	102	62	66	115	
160	104	61	67	117	
161	105	62	68	122	
162	103	61	67	120	
163	101	61	67	127	
164	109	63	69	125	
165	106	62	69	125	
166	110	64	70	129	
167	109	64	70	127	
168	109	65	73	135	
169	104	65	71	129	
170	108	65	72	130	
171	104	66	73	133	
172	104	66	72	138	
173	107	67	73	139	
174	109	66	74	146	
175	110	67	73	136	
176	104	71	77	140	
177	98	72	74	139	
178	106	69	74	143	
179	117	72	76	144	
180	109	69	77	143	
181	107	70	86	152	
182	108	70	77	153	
183	106	70	77	150	
184	112	71	78	149	
185	111	74	78	151	
186	109	74	81	152	
187	112	71	78	154	
188	113	72	79	163	
189	108	74	80	156	
190	110	75	81	158	
191	111	82	87	160	
192	116	75	82	160	
193	109	74	81	163	
194	121	76	82	165	
195	110	76	82	165	
196	111	76	84	176	
197	117	77	84	176	
198	117	78	85	173	
199	116	80	87	185	
200	112	78	85	173	
201	106	78	87	183	
202	121	79	85	177	
203	114	80	87	177	
204	125	82	87	180	
205	119	80	88	180	
206	112	81	88	183	
207	120	81	87	187	
208	116	82	88	186	
209	127	81	88	192	
210	114	83	92	191	
211	124	82	95	197	
212	117	84	90	192	
213	118	84	92	194	
214	127	86	91	204	
215	117	88	91	198	
216	123	89	96	208	
217	127	84	92	200	
218	113	86	93	213	
219	129	86	96	204	
220	119	86	97	207	
221	119	90	98	215	
222	125	88	95	210	
223	120	87	95	214	
224	121	89	99	212	
225	119	88	98	212	
226	119	91	98	224	
227	123	89	97	217	
228	123	90	97	218	
229	124	93	97	231	
230	121	91	99	224	
231	122	91	103	226	
232	124	98	101	228	
233	127	93	101	233	
234	142	94	102	236	
235	128	93	101	231	
236	132	98	105	234	
237	133	93	101	235	
238	124	95	102	243	
239	132	96	103	237	
240	128	95	105	239	
241	123	100	104	247	
242	128	102	104	244	
243	128	98	106	263	
244	129	98	106	248	
245	126	98	105	249	
246	128	103	110	254	
247	126	99	107	258	
248	127	101	108	266	
249	138	101	107	257	
250	130	100	108	258	
251	134	101	109	260	
252	129	100	108	260	
253	130	101	112	270	
254	135	102	111	268	
255	130	103	110	268	
256	138	103	110	272	
257	131	103	110	272	
258	133	104	115	275	
259	138	106	113	278	
260	134	104	112	281	
261	141	104	113	281	
262	131	106	116	284	
263	132	107	115	284	
264	131	106	125	293	
265	139	113	117	298	
266	142	108	115	292	
267	133	107	117	294	
268	147	108	117	300	
269	127	106	116	297	
270	137	113	123	300	
271	140	109	118	300	
272	134	111	120	306	
273	141	113	120	307	
274	131	110	120	308	
275	139	114	120	311	
276	146	113	121	312	
277	138	112	121	315	
278	141	112	122	321	
279	146	113	121	321	
280	144	116	125	322	
281	146	115	122	324	
282	137	117	126	322	
283	138	116	127	327	
284	142	115	123	333	
285	147	115	126	332	
286	143	115	125	331	
287	144	119	129	334	
288	151	117	126	336	
289	145	119	126	340	
290	145	119	128	343	
291	145	119	127	345	
292	148	122	128	347	
293	146	120	128	349	
294	145	119	131	358	
295	158	122	133	352	
296	137	120	129	356	
297	153	123	135	361	
298	179	121	131	364	
299	149	122	140	367	
300	150	122	131	365	
301	148	122	132	374	
302	149	125	137	375	
303	155	123	131	372	
304	150	128	139	376	
305	156	124	135	377	
306	145	124	134	382	
307	160	129	135	381	
308	175	126	136	382	
309	176	130	136	385	
310	146	129	136	394	
311	154	131	138	393	
312	147	130	137	391	
313	153	132	137	404	
314	162	130	138	400	
315	152	130	138	397	
316	149	132	141	399	
317	150	129	142	402	
318	147	130	141	410	
319	156	131	141	408	
320	145	132	140	411	
321	152	132	143	418	
322	148	132	141	415	
323	149	133	143	424	
324	154	133	142	420	
325	152	135	142	425	
326	160	138	148	427	
327	159	136	146	432	
328	154	141	147	431	
329	153	135	147	435	
330	152	136	145	438	
331	158	136	146	439	
332	151	137	146	442	
333	160	137	147	453	
334	150	137	148	446	
335	155	141	157	445	
336	158	139	147	452	
337	156	141	148	455	
338	159	139	153	455	
339	154	141	149	456	
340	162	143	151	462	
341	158	141	152	462	
342	165	143	161	475	
343	163	143	153	476	
344	155	142	157	479	
345	158	153	152	472	
346	157	143	153	476	
347	168	144	153	477	
348	160	144	153	481	
349	162	145	158	486	
350	163	145	155	485	
351	160	145	156	501	
352	168	146	156	491	
353	160	146	156	494	
354	172	155	162	501	
355	160	146	157	499	
356	159	148	158	514	
357	172	150	159	510	
358	171	193	160	519	
359	173	158	160	516	
360	161	150	160	513	
361	170	151	164	518	
362	166	150	161	520	
363	167	152	160	529	
364	166	154	161	525	
365	165	153	161	533	
366	160	153	162	527	
367	168	153	162	531	
368	173	158	163	535	
369	168	154	163	538	
370	169	154	165	541	
371	166	154	166	543	
372	168	157	171	566	
373	177	159	166	550	
374	170	156	166	559	
375	177	157	168	551	
376	165	157	168	557	
377	180	161	168	559	
378	175	158	167	571	
379	169	159	170	568	
380	177	161	169	569	
381	171	159	171	570	
382	180	162	171	574	
383	174	162	169	574	
384	166	163	178	580	
385	171	161	172	584	
386	172	165	174	584	
387	175	166	175	592	
388	179	166	176	596	
389	176	166	173	595	
390	177	164	177	606	
391	168	165	176	599	
392	175	165	178	609	
393	177	165	179	609	
394	176	165	176	611	
395	181	169	178	613	
396	174	167	178	614	
397	178	169	181	618	
398	181	170	177	620	
399	181	167	176	630	
400	182	169	180	633	
401	182	171	178	631	
402	181	170	187	635	
403	182	170	179	639	
404	191	174	180	642	
405	183	174	182	639	
406	178	170	186	648	
407	176	172	181	649	
408	176	175	182	659	
409	191	173	183	650	
410	184	173	184	656	
411	183	176	185	670	
412	180	174	185	662	
413	181	176	187	666	
414	179	176	186	669	
415	187	178	187	682	
416	192	175	191	675	
417	181	179	189	689	
418	196	185	189	683	
419	187	177	188	688	
420	193	177	190	691	
421	183	178	188	695	
422	187	184	192	698	
423	186	178	190	695	
424	187	180	193	702	
425	192	180	192	703	
426	186	181	192	715	
427	190	183	191	713	
428	187	182	192	712	
429	196	187	192	715	
430	191	182	197	731	
431	193	187	198	729	
432	185	183	196	727	
433	186	186	196	739	
434	199	190	195	731	
435	192	185	197	734	
436	196	187	196	736	
437	186	185	196	738	
438	186	190	200	742	
439	198	186	196	748	
440	195	189	199	750	
441	197	190	200	755	
442	194	188	201	766	
443	195	190	199	759	
444	194	190	200	769	
445	202	191	219	769	
446	201	193	204	783	
447	198	191	202	771	
448	194	194	203	779	
449	200	193	203	782	
450	195	193	203	780	
451	192	196	205	791	
452	194	194	203	788	
453	195	196	206	797	
454	205	194	205	798	
455	198	194	206	798	
456	202	199	206	803	
457	203	196	208	808	
458	203	199	208	808	
459	201	197	209	816	
460	202	204	217	828	
461	204	200	210	820	
462	210	199	212	838	
463	218	198	208	831	
464	200	200	216	829	
465	240	199	210	833	
466	231	199	212	845	
467	200	203	213	841	
468	203	200	211	861	
469	205	204	214	850	
470	199	202	214	855	
471	213	207	214	854	
472	194	201	214	859	
473	206	204	214	864	
474	208	204	215	872	
475	210	206	217	881	
476	205	204	217	879	
477	200	210	217	879	
478	206	205	217	880	
479	205	206	220	893	
480	207	206	220	891	
481	201	207	218	898	
482	205	207	218	895	
483	209	208	218	899	
484	217	210	219	907	
485	209	207	219	908	
486	205	210	222	915	
487	208	210	219	913	
488	211	212	227	935	
489	207	214	224	928	
490	212	211	226	927	
491	207	211	226	927	
492	206	212	224	943	
493	212	215	222	934	
494	206	214	224	945	
495	219	214	227	942	
496	205	214	226	943	
497	204	216	225	1000	
498	211	215	226	1000	
499	210	217	230	1000	
500	216	215	227	1000	
501	211	217	229	1000	
502	214	219	228	1000	
503	220	224	235	1000	
504	219	218	229	1000	
505	208	217	230	1000	
506	209	222	232	1000	
507	211	227	232	1000	
508	220	222	231	1000	
509	217	220	233	1000	
510	227	222	234	1000	
511	209	220	232	1000	
512	215	224	233	1000	
