n	ValueBased/Qsort_straight	ValueBased/Qsort_2_6_6	ValueBased/Qsort_2_6_11	ValueBased/Insertion
1	1	0	0	1	
2	4	2	2	4	
3	4	3	3	6	
4	4	3	3	6	
5	4	3	3	7	
6	5	3	4	7	
7	5	4	4	7	
8	5	4	5	8	
9	5	5	5	8	
10	5	5	5	8	
11	5	5	6	8	
12	6	5	6	8	
13	6	6	6	9	
14	6	6	7	9	
15	6	6	7	9	
16	6	7	7	9	
17	6	7	8	10	
18	7	7	8	10	
19	7	7	8	10	
20	7	8	9	10	
21	7	8	9	11	
22	8	8	10	11	
23	8	8	10	11	
24	8	9	10	11	
25	8	9	10	12	
26	9	9	11	12	
27	9	10	11	12	
28	9	10	12	13	
29	9	10	12	13	
30	9	11	12	14	
31	9	11	13	13	
32	10	11	13	14	
33	10	12	14	14	
34	10	12	14	14	
35	10	12	14	15	
36	11	13	15	15	
37	11	13	15	15	
38	11	13	15	16	
39	11	13	16	16	
40	68	14	16	17	
41	68	14	17	17	
42	70	15	17	18	
43	69	16	17	18	
44	69	15	18	18	
45	70	16	18	19	
46	70	16	19	19	
47	70	16	19	20	
48	78	17	19	20	
49	71	17	20	21	
50	73	18	20	21	
51	71	18	21	22	
52	73	18	21	22	
53	73	19	21	22	
54	72	19	21	23	
55	71	19	22	23	
56	74	19	22	24	
57	73	20	23	25	
58	73	20	24	25	
59	74	21	24	25	
60	73	21	24	26	
61	74	22	25	27	
62	75	21	25	27	
63	74	22	25	28	
64	74	22	26	28	
65	74	22	26	29	
66	73	23	26	29	
67	75	23	26	30	
68	78	24	27	31	
69	76	25	28	31	
70	75	25	28	32	
71	76	25	29	33	
72	76	25	30	33	
73	77	26	29	33	
74	77	26	29	34	
75	77	26	30	35	
76	77	27	31	35	
77	79	27	30	36	
78	80	27	31	37	
79	80	28	32	38	
80	80	29	32	38	
81	80	29	33	39	
82	79	29	33	40	
83	81	30	33	40	
84	81	30	34	41	
85	81	30	35	42	
86	82	31	35	42	
87	81	31	35	43	
88	80	31	36	44	
89	81	32	36	44	
90	82	32	36	45	
91	83	33	37	46	
92	82	33	37	47	
93	83	34	37	48	
94	84	34	38	49	
95	83	34	39	50	
96	83	35	39	50	
97	82	35	39	51	
98	83	35	40	52	
99	84	35	40	53	
100	84	36	41	53	
101	85	38	41	54	
102	85	37	41	55	
103	84	37	42	55	
104	85	38	42	57	
105	85	38	43	58	
106	85	38	43	59	
107	86	39	44	60	
108	87	40	44	60	
109	86	40	44	61	
110	86	40	44	62	
111	88	40	45	63	
112	87	41	46	64	
113	88	41	46	65	
114	89	42	46	66	
115	88	42	47	74	
116	89	42	48	67	
117	89	43	48	68	
118	89	43	49	69	
119	93	44	49	70	
120	91	44	49	72	
121	88	44	49	72	
122	91	45	50	73	
123	92	46	50	75	
124	92	46	51	75	
125	91	47	52	76	
126	92	47	52	77	
127	96	47	52	78	
128	91	47	53	79	
129	91	47	54	80	
130	93	48	54	81	
131	93	49	54	82	
132	95	49	54	84	
133	93	50	55	85	
134	94	50	55	86	
135	94	50	57	87	
136	93	51	56	89	
137	96	52	57	89	
138	99	51	57	90	
139	95	52	57	91	
140	97	52	58	92	
141	95	53	58	93	
142	97	53	59	94	
143	97	53	59	96	
144	98	54	59	97	
145	100	54	60	98	
146	101	55	60	99	
147	100	55	61	100	
148	101	55	62	102	
149	99	56	62	102	
150	111	57	63	104	
151	108	56	63	105	
152	96	57	63	107	
153	98	57	63	108	
154	97	58	64	109	
155	104	58	65	110	
156	100	58	65	112	
157	99	59	65	112	
158	100	60	65	114	
159	102	60	66	115	
160	101	60	67	117	
161	100	61	67	118	
162	100	61	67	119	
163	100	61	67	120	
164	101	62	68	125	
165	103	62	69	124	
166	102	63	69	125	
167	102	63	70	126	
168	102	64	70	128	
169	103	64	72	128	
170	104	65	72	130	
171	104	65	74	131	
172	104	66	72	132	
173	104	67	72	134	
174	106	66	73	135	
175	106	67	73	136	
176	105	67	74	140	
177	105	68	74	140	
178	110	69	74	140	
179	106	70	76	141	
180	108	68	77	143	
181	107	69	76	145	
182	107	69	76	146	
183	108	70	77	147	
184	107	71	77	149	
185	109	71	78	151	
186	109	71	78	152	
187	109	71	79	153	
188	120	72	79	155	
189	109	73	80	156	
190	109	74	81	157	
191	110	76	80	159	
192	109	74	81	161	
193	109	74	81	163	
194	111	75	81	164	
195	110	75	83	165	
196	111	76	83	167	
197	111	77	82	171	
198	111	78	84	171	
199	111	77	85	171	
200	111	78	85	173	
201	112	78	84	178	
202	114	81	85	176	
203	113	79	87	178	
204	112	79	87	179	
205	113	80	88	181	
206	114	80	88	185	
207	115	81	87	184	
208	115	81	89	186	
209	114	81	89	187	
210	114	82	89	189	
211	116	82	90	191	
212	117	83	90	192	
213	117	83	91	194	
214	117	84	91	196	
215	117	85	91	197	
216	116	84	92	198	
217	117	84	92	200	
218	119	86	93	202	
219	118	86	94	216	
220	118	86	94	205	
221	119	87	94	207	
222	117	87	95	208	
223	118	87	95	210	
224	118	87	96	212	
225	119	88	95	214	
226	121	89	96	215	
227	120	89	96	217	
228	123	91	97	220	
229	123	91	97	220	
230	121	92	99	223	
231	120	91	100	223	
232	123	93	99	226	
233	123	92	100	228	
234	125	92	101	230	
235	126	93	101	233	
236	122	93	101	234	
237	125	94	101	238	
238	123	94	102	236	
239	127	95	102	238	
240	126	95	109	240	
241	125	97	104	241	
242	126	97	104	247	
243	127	97	105	246	
244	127	98	105	248	
245	127	98	105	249	
246	127	97	106	251	
247	128	98	108	256	
248	128	99	107	255	
249	128	99	107	256	
250	128	100	112	258	
251	128	100	108	262	
252	130	100	109	262	
253	129	101	109	264	
254	129	101	110	267	
255	132	103	110	268	
256	127	103	110	270	
257	129	103	111	273	
258	130	103	111	275	
259	132	104	111	275	
260	132	104	112	280	
261	132	103	112	281	
262	132	105	113	282	
263	132	105	115	288	
264	134	106	115	286	
265	133	107	114	289	
266	134	106	115	291	
267	136	106	117	293	
268	134	108	118	293	
269	135	107	122	302	
270	134	109	120	299	
271	137	110	117	302	
272	137	111	118	308	
273	135	111	119	306	
274	136	111	119	312	
275	138	111	119	310	
276	141	111	120	312	
277	138	111	121	314	
278	137	111	122	316	
279	140	112	121	319	
280	139	113	122	319	
281	140	113	122	321	
282	139	114	122	324	
283	139	115	123	325	
284	140	114	125	327	
285	142	115	124	338	
286	142	115	127	332	
287	141	117	125	335	
288	141	117	126	336	
289	142	117	126	340	
290	143	118	134	341	
291	144	118	129	342	
292	145	119	127	347	
293	145	119	127	348	
294	143	119	129	350	
295	146	121	129	352	
296	146	120	129	354	
297	146	124	131	358	
298	145	121	131	359	
299	147	122	131	362	
300	148	123	131	364	
301	149	122	132	367	
302	145	125	132	370	
303	151	123	132	373	
304	149	124	132	372	
305	152	124	133	375	
306	145	125	136	378	
307	158	124	135	380	
308	172	125	136	381	
309	179	127	135	384	
310	146	128	135	386	
311	147	127	135	390	
312	162	128	138	391	
313	151	128	137	393	
314	156	130	138	396	
315	151	129	139	398	
316	150	129	143	400	
317	150	128	140	402	
318	154	131	140	405	
319	152	131	141	407	
320	150	131	139	409	
321	150	131	140	412	
322	149	131	141	415	
323	154	132	144	416	
324	157	132	142	420	
325	152	133	142	422	
326	153	134	143	427	
327	153	136	146	428	
328	153	135	145	429	
329	153	135	145	432	
330	157	135	144	434	
331	161	136	147	437	
332	155	136	146	439	
333	158	136	145	444	
334	158	137	148	444	
335	156	138	146	449	
336	156	138	150	449	
337	157	140	148	451	
338	155	139	148	455	
339	156	140	149	458	
340	159	140	150	458	
341	157	141	152	463	
342	158	141	151	463	
343	159	141	151	466	
344	158	143	151	471	
345	158	142	151	471	
346	159	143	152	475	
347	161	143	152	478	
348	162	143	153	478	
349	160	146	155	483	
350	162	144	155	485	
351	161	145	155	486	
352	159	145	156	493	
353	160	146	155	492	
354	162	146	155	497	
355	162	146	156	497	
356	163	149	158	502	
357	163	149	157	504	
358	165	149	158	508	
359	163	149	160	509	
360	163	149	159	511	
361	163	150	161	517	
362	165	150	161	517	
363	164	151	160	521	
364	165	151	161	524	
365	165	152	161	525	
366	167	153	161	529	
367	167	153	162	531	
368	165	153	163	534	
369	166	153	163	539	
370	167	154	163	539	
371	167	155	165	542	
372	169	155	165	544	
373	169	155	166	545	
374	169	156	166	548	
375	168	156	167	559	
376	167	156	168	557	
377	168	157	167	559	
378	171	158	167	565	
379	165	159	168	564	
380	170	160	169	569	
381	170	158	171	569	
382	173	159	171	572	
383	172	161	169	574	
384	167	160	171	578	
385	168	161	171	582	
386	172	160	171	584	
387	168	161	172	587	
388	173	163	172	588	
389	174	163	172	593	
390	174	163	173	595	
391	174	163	176	600	
392	174	165	177	603	
393	176	165	175	606	
394	178	164	175	610	
395	175	166	176	615	
396	176	166	177	618	
397	178	167	176	618	
398	178	166	177	622	
399	179	167	177	624	
400	177	169	178	625	
401	179	170	178	630	
402	180	168	179	633	
403	177	169	178	635	
404	180	171	183	640	
405	181	169	182	640	
406	180	170	182	642	
407	182	171	181	646	
408	179	172	183	650	
409	181	172	182	651	
410	182	173	183	658	
411	179	172	184	657	
412	182	174	184	663	
413	183	174	184	666	
414	184	174	185	666	
415	184	175	186	671	
416	182	174	187	672	
417	185	176	185	675	
418	186	176	187	680	
419	184	176	187	682	
420	186	179	188	689	
421	188	178	188	692	
422	189	178	188	694	
423	188	178	190	694	
424	185	180	190	701	
425	187	179	192	704	
426	191	181	193	705	
427	187	181	191	712	
428	188	180	190	713	
429	186	182	191	716	
430	189	181	194	718	
431	190	182	194	721	
432	187	183	195	723	
433	189	184	194	728	
434	189	183	195	729	
435	190	184	196	734	
436	191	185	196	737	
437	192	185	196	738	
438	192	186	196	752	
439	193	186	197	747	
440	191	187	197	748	
441	194	188	199	751	
442	193	187	198	758	
443	194	187	198	757	
444	196	189	198	761	
445	195	190	202	764	
446	197	189	202	769	
447	196	190	200	773	
448	192	189	203	775	
449	194	191	204	779	
450	197	192	202	789	
451	195	192	203	785	
452	193	193	203	789	
453	200	195	202	794	
454	202	193	207	800	
455	202	194	206	800	
456	196	195	205	802	
457	201	196	206	807	
458	205	195	206	811	
459	199	197	208	813	
460	198	196	208	814	
461	207	197	208	819	
462	211	197	209	823	
463	212	198	208	825	
464	199	199	210	830	
465	237	199	209	835	
466	230	200	212	838	
467	197	199	211	841	
468	200	200	211	845	
469	203	202	214	849	
470	204	200	213	854	
471	204	201	211	855	
472	203	201	212	857	
473	203	202	213	864	
474	202	204	214	865	
475	205	203	214	870	
476	203	204	216	872	
477	205	204	217	875	
478	206	205	216	876	
479	206	210	217	881	
480	204	205	217	887	
481	202	207	217	890	
482	204	205	218	893	
483	206	207	218	896	
484	206	208	219	900	
485	208	207	219	906	
486	207	208	219	909	
487	206	210	218	912	
488	206	211	221	918	
489	207	210	222	919	
490	209	211	223	925	
491	209	210	223	927	
492	208	213	223	935	
493	209	214	222	934	
494	209	213	224	938	
495	212	213	224	940	
496	209	213	225	945	
497	209	214	225	1000	
498	211	216	227	1000	
499	210	216	227	1000	
500	212	215	228	1000	
501	210	216	227	1000	
502	213	218	228	1000	
503	212	218	228	1000	
504	211	217	229	1000	
505	212	217	230	1000	
506	211	219	228	1000	
507	214	219	229	1000	
508	214	219	230	1000	
509	215	220	232	1000	
510	213	220	234	1000	
511	214	220	232	1000	
512	209	222	232	1000	
