0, 0.0025370121002197266
1, 0.0024538040161132812
2, 0.002479076385498047
3, 0.0024700164794921875
4, 0.002476930618286133
5, 0.002489805221557617
6, 0.002476930618286133
7, 0.002482891082763672
8, 0.0024759769439697266
9, 0.002550840377807617
10, 0.002516031265258789
11, 0.0025420188903808594
12, 0.002562999725341797
13, 0.002550840377807617
14, 0.002557039260864258
15, 0.0025129318237304688
16, 0.002557039260864258
17, 0.002602100372314453
18, 0.0025560855865478516
19, 0.0025551319122314453
20, 0.0025358200073242188
21, 0.002554178237915039
22, 0.002543926239013672
23, 0.002552032470703125
24, 0.002550840377807617
25, 0.002549886703491211
26, 0.0025510787963867188
27, 0.0025589466094970703
28, 0.0025589466094970703
29, 0.0025451183319091797
30, 0.0025551319122314453
31, 0.002546072006225586
32, 0.002562999725341797
33, 0.002547025680541992
34, 0.0025548934936523438
35, 0.002549886703491211
36, 0.0025548934936523438
37, 0.002547025680541992
38, 0.002513885498046875
39, 0.0025548934936523438
40, 0.0025408267974853516
41, 0.0025360584259033203
42, 0.002557992935180664
43, 0.002541065216064453
44, 0.0025548934936523438
45, 0.0025489330291748047
46, 0.002547025680541992
47, 0.0025501251220703125
48, 0.0025529861450195312
49, 0.002544879913330078
50, 0.0025320053100585938
51, 0.002537965774536133
52, 0.0025391578674316406
53, 0.0025510787963867188
54, 0.0025310516357421875
55, 0.002554178237915039
56, 0.0025539398193359375
57, 0.0025529861450195312
58, 0.0025360584259033203
59, 0.0025131702423095703
60, 0.0025548934936523438
61, 0.0025320053100585938
62, 0.002543926239013672
63, 0.003113985061645508
64, 0.003059864044189453
65, 0.003225088119506836
66, 0.003170013427734375
67, 0.0031850337982177734
68, 0.0031728744506835938
69, 0.003217935562133789
70, 0.0032761096954345703
71, 0.0031211376190185547
72, 0.0031409263610839844
73, 0.003145933151245117
74, 0.0031571388244628906
75, 0.003145933151245117
76, 0.003145933151245117
77, 0.0031099319458007812
78, 0.0031380653381347656
79, 0.0031440258026123047
80, 0.003142833709716797
81, 0.0031478404998779297
82, 0.003131866455078125
83, 0.003134012222290039
84, 0.003240823745727539
85, 0.0030710697174072266
86, 0.003290891647338867
87, 0.003242969512939453
88, 0.003228902816772461
89, 0.0031371116638183594
90, 0.0031909942626953125
91, 0.0031261444091796875
92, 0.0031251907348632812
93, 0.003114938735961914
94, 0.003110170364379883
95, 0.0031828880310058594
96, 0.0031938552856445312
97, 0.0031969547271728516
98, 0.0031850337982177734
99, 0.0031790733337402344
100, 0.003080129623413086
101, 0.0031239986419677734
102, 0.0031201839447021484
103, 0.003119945526123047
104, 0.003119945526123047
105, 0.0031099319458007812
106, 0.0031290054321289062
107, 0.0030829906463623047
108, 0.003120899200439453
109, 0.003133058547973633
110, 0.0031430721282958984
111, 0.003142118453979492
112, 0.0031409263610839844
113, 0.0031461715698242188
114, 0.003186941146850586
115, 0.003175020217895508
116, 0.003183126449584961
117, 0.0031991004943847656
118, 0.0031540393829345703
119, 0.003170013427734375
120, 0.003101825714111328
121, 0.003106832504272461
122, 0.0031042098999023438
123, 0.0031070709228515625
124, 0.003108978271484375
125, 0.003240823745727539
126, 0.0032258033752441406
127, 0.0032308101654052734
128, 0.0032320022583007812
129, 0.0032320022583007812
130, 0.003215789794921875
131, 0.0031468868255615234
132, 0.003142118453979492
133, 0.0031480789184570312
134, 0.003147125244140625
135, 0.003145933151245117
136, 0.003180980682373047
137, 0.003117799758911133
138, 0.00311279296875
139, 0.00310516357421875
140, 0.0030961036682128906
141, 0.003041982650756836
142, 0.003056049346923828
143, 0.003095865249633789
144, 0.0031578540802001953
145, 0.003203868865966797
146, 0.003181934356689453
147, 0.0031998157501220703
148, 0.0031998157501220703
149, 0.0031991004943847656
150, 0.0030469894409179688
151, 0.0030939579010009766
152, 0.003092050552368164
153, 0.0030891895294189453
154, 0.003110170364379883
155, 0.0031690597534179688
156, 0.0031740665435791016
157, 0.003156900405883789
158, 0.0031440258026123047
159, 0.0031430721282958984
160, 0.0031409263610839844
161, 0.0030939579010009766
162, 0.0030930042266845703
163, 0.0030891895294189453
164, 0.0030939579010009766
165, 0.0030939579010009766
166, 0.003248929977416992
167, 0.0030698776245117188
168, 0.0030930042266845703
169, 0.0030670166015625
170, 0.0030710697174072266
171, 0.0030689239501953125
172, 0.0030701160430908203
173, 0.0030570030212402344
174, 0.003178119659423828
175, 0.0032210350036621094
176, 0.0033140182495117188
177, 0.003248929977416992
178, 0.003378152847290039
179, 0.0031778812408447266
180, 0.0030760765075683594
181, 0.0030930042266845703
182, 0.003091096878051758
183, 0.003075838088989258
184, 0.0031120777130126953
185, 0.003192901611328125
186, 0.003208160400390625
187, 0.003200054168701172
188, 0.0032110214233398438
189, 0.0032138824462890625
190, 0.003206968307495117
191, 0.003116130828857422
192, 0.0031762123107910156
193, 0.0030951499938964844
194, 0.0031898021697998047
195, 0.003069162368774414
196, 0.0031080245971679688
197, 0.0031387805938720703
198, 0.003122091293334961
199, 0.0031290054321289062
200, 0.0031299591064453125
201, 0.0030879974365234375
202, 0.0031189918518066406
203, 0.003111124038696289
204, 0.003307819366455078
205, 0.003248929977416992
206, 0.0032808780670166016
207, 0.003217935562133789
208, 0.0032241344451904297
209, 0.003238201141357422
210, 0.0030879974365234375
211, 0.0031239986419677734
212, 0.0030820369720458984
213, 0.003078937530517578
214, 0.00308990478515625
215, 0.0031960010528564453
216, 0.003229856491088867
217, 0.003226041793823242
218, 0.003223896026611328
219, 0.003229856491088867
220, 0.0032160282135009766
221, 0.003141164779663086
222, 0.0031239986419677734
223, 0.003095865249633789
224, 0.003075838088989258
225, 0.0031311511993408203
226, 0.003126859664916992
227, 0.003134012222290039
228, 0.003111124038696289
229, 0.003086090087890625
230, 0.0031280517578125
231, 0.0031349658966064453
232, 0.0031418800354003906
233, 0.0031189918518066406
234, 0.0032689571380615234
235, 0.0032629966735839844
236, 0.003245830535888672
237, 0.0032210350036621094
238, 0.0032579898834228516
239, 0.0032100677490234375
240, 0.0030927658081054688
241, 0.0030829906463623047
242, 0.003098011016845703
243, 0.003103017807006836
244, 0.0030908584594726562
245, 0.003217935562133789
246, 0.0032501220703125
247, 0.0031671524047851562
248, 0.003175973892211914
249, 0.003194093704223633
250, 0.0031960010528564453
251, 0.0031058788299560547
252, 0.0031070709228515625
253, 0.003142833709716797
254, 0.0031270980834960938
255, 0.0031709671020507812
