100000	0.9963	0.9963	0.9947
110000	0.9602	0.9564	0.9906
120000	0.9635	0.9616	0.9849
130000	0.9747	0.9775	0.9774
140000	0.9602	0.9714	0.9680
150000	0.9190	0.9213	0.9569
160000	0.9461	0.9471	0.9441
170000	0.9138	0.9180	0.9298
180000	0.8365	0.8440	0.9141
190000	0.9063	0.8913	0.8972
200000	0.8824	0.8759	0.8794
210000	0.8403	0.8244	0.8607
220000	0.7466	0.7602	0.8413
230000	0.8098	0.8126	0.8215
240000	0.7639	0.7663	0.8013
250000	0.7564	0.7738	0.7810
260000	0.7541	0.7761	0.7605
270000	0.6829	0.6852	0.7401
280000	0.7260	0.7391	0.7198
290000	0.6745	0.7059	0.6997
300000	0.6529	0.6679	0.6798
310000	0.6337	0.6014	0.6602
320000	0.6426	0.6244	0.6410
330000	0.5513	0.5326	0.6222
340000	0.5963	0.6159	0.6037
350000	0.5831	0.5705	0.5858
360000	0.5358	0.5237	0.5682
370000	0.5508	0.5400	0.5512
380000	0.5152	0.5204	0.5346
390000	0.5649	0.5082	0.5185
400000	0.5162	0.4927	0.5028
410000	0.5115	0.4852	0.4877
420000	0.4946	0.4838	0.4730
430000	0.4511	0.4511	0.4587
440000	0.4515	0.4047	0.4449
450000	0.4230	0.4061	0.4316
460000	0.3916	0.4267	0.4187
470000	0.4131	0.4037	0.4063
480000	0.3911	0.4529	0.3942
490000	0.3803	0.3803	0.3826
500000	0.3644	0.3607	0.3713
510000	0.3995	0.3831	0.3604
520000	0.3597	0.3424	0.3499
530000	0.3480	0.3382	0.3398
540000	0.3405	0.3564	0.3300
550000	0.3326	0.3190	0.3205
560000	0.3119	0.3162	0.3114
570000	0.3447	0.3255	0.3026
580000	0.2857	0.2881	0.2941
590000	0.2778	0.2904	0.2858
600000	0.3049	0.3129	0.2779
610000	0.2749	0.2759	0.2702
620000	0.2904	0.2319	0.2627
630000	0.2960	0.2946	0.2556
640000	0.2431	0.2548	0.2486
650000	0.2436	0.2379	0.2419
660000	0.2300	0.2295	0.2354
670000	0.2126	0.2309	0.2292
680000	0.2403	0.2141	0.2231
690000	0.2440	0.2665	0.2173
700000	0.2070	0.2126	0.2116
710000	0.2131	0.2080	0.2061
720000	0.2422	0.2370	0.2008
730000	0.1827	0.2047	0.1957
740000	0.2009	0.1986	0.1907
750000	0.2220	0.2192	0.1859
760000	0.1770	0.1658	0.1813
770000	0.2126	0.2159	0.1768
780000	0.2028	0.2126	0.1724
790000	0.1625	0.1667	0.1682
800000	0.1644	0.1672	0.1641
810000	0.1981	0.1845	0.1601
820000	0.1504	0.1635	0.1562
830000	0.1443	0.1494	0.1525
840000	0.1799	0.1813	0.1489
850000	0.1410	0.1447	0.1454
860000	0.1457	0.1429	0.1420
870000	0.1681	0.1738	0.1387
880000	0.1611	0.1649	0.1355
890000	0.1279	0.1227	0.1324
900000	0.1733	0.1803	0.1294
910000	0.1171	0.1279	0.1264
920000	0.1190	0.1265	0.1236
930000	0.1859	0.1349	0.1208
940000	0.1068	0.1213	0.1182
950000	0.1194	0.1171	0.1156
960000	0.1433	0.1297	0.1130
970000	0.1096	0.1129	0.1106
980000	0.1119	0.1129	0.1082
990000	0.1251	0.1190	0.1059
1000000	0.1021	0.1133	0.1036
1010000	0.1246	0.0984	0.1014
1020000	0.1340	0.1251	0.0993
1030000	0.0899	0.1044	0.0972
1040000	0.1035	0.0834	0.0952
1050000	0.1288	0.1208	0.0932
1060000	0.0941	0.0932	0.0913
1070000	0.0871	0.0946	0.0894
1080000	0.1354	0.1321	0.0876
1090000	0.0838	0.0923	0.0859
1100000	0.1307	0.1251	0.0841
1110000	0.0998	0.1185	0.0825
1120000	0.0895	0.0946	0.0808
1130000	0.0787	0.0834	0.0792
1140000	0.0979	0.1030	0.0777
1150000	0.0703	0.0749	0.0762
1160000	0.0660	0.0740	0.0747
1170000	0.1166	0.1129	0.0733
1180000	0.0651	0.0665	0.0719
1190000	0.0810	0.0684	0.0705
1200000	0.0932	0.0838	0.0692
1210000	0.1171	0.1082	0.0679
1220000	0.0707	0.0529	0.0666
1230000	0.0810	0.0843	0.0654
1240000	0.0834	0.0553	0.0642
1250000	0.0590	0.0656	0.0630
1260000	0.1091	0.1091	0.0619
1270000	0.0557	0.0623	0.0608
1280000	0.0543	0.0614	0.0597
1290000	0.0735	0.0731	0.0586
1300000	0.0534	0.0628	0.0575
1310000	0.0557	0.0543	0.0565
1320000	0.0913	0.0946	0.0555
1330000	0.0567	0.0609	0.0546
1340000	0.0473	0.0459	0.0536
1350000	0.0941	0.0932	0.0527
1360000	0.0473	0.0567	0.0518
1370000	0.0543	0.0525	0.0509
1380000	0.0660	0.0656	0.0500
1390000	0.0426	0.0496	0.0492
1400000	0.0496	0.0426	0.0484
1410000	0.0628	0.0609	0.0475
1420000	0.0450	0.0468	0.0468
1430000	0.0763	0.0824	0.0460
1440000	0.0806	0.0782	0.0452
1450000	0.0407	0.0492	0.0445
1460000	0.0496	0.0403	0.0438
1470000	0.0600	0.0670	0.0430
1480000	0.0389	0.0501	0.0423
1490000	0.0478	0.0431	0.0417
1500000	0.0618	0.0501	0.0410
1510000	0.0379	0.0440	0.0403
1520000	0.0361	0.0389	0.0397
1530000	0.0665	0.0717	0.0391
1540000	0.0604	0.0642	0.0385
1550000	0.0534	0.0389	0.0379
1560000	0.0454	0.0567	0.0373
1570000	0.0422	0.0375	0.0367
1580000	0.0403	0.0398	0.0361
1590000	0.0473	0.0464	0.0356
1600000	0.0300	0.0351	0.0351
1610000	0.0384	0.0351	0.0345
1620000	0.0646	0.0548	0.0340
1630000	0.0370	0.0328	0.0335
1640000	0.0347	0.0300	0.0330
1650000	0.0637	0.0646	0.0325
1660000	0.0328	0.0267	0.0320
1670000	0.0300	0.0276	0.0316
1680000	0.0436	0.0445	0.0311
1690000	0.0351	0.0253	0.0306
1700000	0.0300	0.0319	0.0302
1710000	0.0496	0.0609	0.0298
1720000	0.0290	0.0337	0.0293
1730000	0.0300	0.0300	0.0289
1740000	0.0347	0.0290	0.0285
1750000	0.0244	0.0244	0.0281
1760000	0.0567	0.0511	0.0277
1770000	0.0407	0.0375	0.0273
1780000	0.0262	0.0206	0.0269
1790000	0.0258	0.0230	0.0266
1800000	0.0534	0.0440	0.0262
1810000	0.0201	0.0272	0.0258
1820000	0.0220	0.0295	0.0255
1830000	0.0309	0.0342	0.0251
1840000	0.0272	0.0304	0.0248
1850000	0.0215	0.0169	0.0245
1860000	0.0539	0.0300	0.0241
1870000	0.0482	0.0482	0.0238
1880000	0.0211	0.0281	0.0235
1890000	0.0525	0.0473	0.0232
1900000	0.0220	0.0192	0.0229
1910000	0.0267	0.0281	0.0226
1920000	0.0300	0.0290	0.0223
1930000	0.0253	0.0230	0.0220
1940000	0.0206	0.0178	0.0217
1950000	0.0248	0.0239	0.0214
1960000	0.0225	0.0211	0.0211
1970000	0.0206	0.0192	0.0209
1980000	0.0398	0.0464	0.0206
1990000	0.0183	0.0230	0.0203
