n	./timeSmallArrays
1	0.000008
2	0.000025
3	0.000031
4	0.000054
5	0.000071
6	0.000100
7	0.000128
8	0.000155
9	0.000181
10	0.000206
11	0.000234
12	0.000260
13	0.000288
14	0.000315
15	0.000345
16	0.000372
17	0.000402
18	0.000431
19	0.000463
20	0.000493
21	0.000524
22	0.000554
23	0.000584
24	0.000616
25	0.000647
26	0.000678
27	0.000711
28	0.000744
29	0.000776
30	0.000808
31	0.000840
32	0.000880
33	0.000905
34	0.000941
35	0.0010
36	0.0010
37	0.0010
38	0.0011
39	0.0011
40	0.0011
41	0.0012
42	0.0012
43	0.0012
44	0.0013
45	0.0013
46	0.0014
47	0.0014
48	0.0014
49	0.0015
50	0.0015
51	0.0015
52	0.0016
53	0.0016
54	0.0016
55	0.0017
56	0.0017
57	0.0018
58	0.0018
59	0.0018
60	0.0019
61	0.0019
62	0.0019
63	0.0020
64	0.0020
65	0.0020
66	0.0021
67	0.0021
68	0.0022
69	0.0022
70	0.0022
71	0.0023
72	0.0023
73	0.0024
74	0.0024
75	0.0024
76	0.0025
77	0.0025
78	0.0025
79	0.0026
80	0.0026
81	0.0027
82	0.0027
83	0.0027
84	0.0028
85	0.0028
86	0.0029
87	0.0029
88	0.0029
89	0.0030
90	0.0030
