Vertices Edges
5812 6705 undirected
5524,5811
5524,5810
5524,5809
5524,5808
5524,5807
5524,5806
5524,5805
5524,5804
5524,5803
5524,5802
5524,5801
5524,5800
5524,5799
5524,5798
5524,5797
5524,5796
5524,5795
5524,5794
5524,5793
5524,5792
5524,5791
5524,5790
5524,5789
5524,5788
5524,5787
5524,5786
5524,5785
5524,5784
5524,5783
5524,5782
5524,5781
5524,5780
5524,5779
5524,5778
5524,5777
5524,5776
5524,5775
5524,5774
5524,5773
5524,5772
5524,5771
5524,5770
5524,5769
5524,5768
5524,5767
5524,5766
5524,5765
5524,5764
5524,5763
5524,5762
5524,5761
5524,5760
5524,5759
5524,5758
5524,5757
5524,5756
5524,5755
5524,5754
5524,5753
5524,5752
5524,5751
5524,5750
5524,5749
5524,5748
5524,5747
5524,5746
5524,5745
5524,5744
5524,5743
5524,5742
5524,5741
5524,5740
5524,5739
5524,5738
5524,5737
5524,5736
5524,5735
5524,5734
5524,5733
5524,5732
5524,5731
5524,5730
5524,5729
5524,5728
5524,5727
5524,5726
5524,5725
5524,5724
5524,5723
5524,5722
5524,5721
5524,5720
5524,5719
5524,5718
5524,5717
5524,5716
5524,5715
5524,5714
5524,5713
5524,5712
5524,5711
5524,5710
5524,5709
5524,5708
5524,5707
5524,5706
5524,5705
5524,5704
5524,5703
5524,5702
5524,5701
5524,5700
5524,5699
5524,5698
5524,5697
5524,5696
5524,5695
5524,5694
5524,5693
5524,5692
5524,5691
5524,5690
5524,5689
5524,5688
5524,5687
5524,5686
5524,5685
5524,5684
5524,5683
5524,5682
5524,5681
5524,5680
5524,5679
5524,5678
5524,5677
5524,5676
5524,5675
5524,5674
5524,5673
5524,5672
5524,5671
5524,5670
5524,5669
5524,5668
5524,5667
5524,5666
5524,5665
5524,5664
5524,5663
5524,5662
5524,5661
5524,5660
5524,5659
5524,5658
5524,5657
5524,5656
5524,5655
5524,5654
5524,5653
5524,5652
5524,5651
5524,5650
5524,5649
5524,5648
5524,5647
5524,5646
5524,5645
5524,5644
5524,5643
5524,5642
5524,5641
5524,5640
5524,5639
5524,5638
5524,5637
5524,5636
5524,5635
5524,5634
5524,5633
5524,5632
5524,5631
5524,5630
5524,5629
5524,5628
5524,5627
5524,5626
5524,5625
5524,5624
5524,5623
5524,5622
5524,5621
5524,5620
5524,5619
5524,5618
5524,5617
5524,5616
5524,5615
5524,5614
5524,5613
5524,5612
5524,5611
5524,5610
5524,5609
5524,5608
5524,5607
5524,5606
5524,5605
5524,5604
5524,5603
5524,5602
5524,5601
5524,5600
5524,5599
5524,5598
5524,5597
5524,5596
5524,5595
5524,5594
5524,5593
5524,5592
5524,5591
5524,5590
5524,5589
5524,5588
5524,5587
5524,5586
5524,5585
5524,5584
5524,5583
5524,5582
5524,5581
5524,5580
5524,5579
5524,5578
5524,5577
5524,5576
5524,5575
5524,5574
5524,5573
5524,5572
5524,5571
5524,5570
5524,5569
5524,5568
5524,5567
5524,5566
5524,5565
5524,5564
5524,5563
5524,5562
5524,5561
5524,5560
5524,5559
5524,5558
5524,5557
5524,5556
5524,5555
5524,5554
5524,5553
5524,5552
5524,5551
5524,5550
5524,5549
5524,5548
5524,5547
5524,5546
5524,5545
5524,5544
5524,5543
5524,5542
5524,5541
5524,5540
5524,5539
5524,5538
5524,5537
5524,5536
5524,5535
5524,5534
5524,5533
5524,5532
5524,5531
5524,5530
5524,5529
5524,5528
5524,5527
5524,5526
5524,5525
0,5524
3458,5523
3458,5522
3458,5521
3458,5520
3458,5519
3458,5518
3458,5517
3458,5516
3458,5515
3458,5514
3458,5513
3458,5512
3458,5511
3458,5510
3458,5509
3458,5508
3458,5507
3458,5506
3458,5505
3458,5504
3458,5503
3458,5502
3458,5501
3458,5500
3458,5499
3458,5498
3458,5497
3458,5496
3458,5495
3458,5494
3458,5493
3458,5492
3458,5491
3458,5490
3458,5489
3458,5488
3458,5487
3458,5486
3458,5485
3458,5484
3458,5483
3458,5482
3458,5481
3458,5480
3458,5479
3458,5478
3458,5477
3458,5476
3458,5475
3458,5474
3458,5473
3458,5472
3458,5471
3458,5470
3458,5469
3458,5468
3458,5467
3458,5466
3458,5465
3458,5464
3458,5463
3458,5462
3458,5461
3458,5460
3458,5459
3458,5458
3458,5457
3458,5456
3458,5455
3458,5454
3458,5453
3458,5452
3458,5451
3458,5450
3458,5449
3458,5448
3458,5447
3458,5446
3458,5445
3458,5444
3458,5443
3458,5442
3458,5441
3458,5440
3458,5439
3458,5438
3458,5437
3458,5436
3458,5435
3458,5434
3458,5433
3458,5432
3458,5431
3458,5430
3458,5429
3458,5428
3458,5427
3458,5426
3458,5425
3458,5424
3458,5423
3458,5422
3458,5421
3458,5420
3458,5419
3458,5418
3458,5417
3458,5416
3458,5415
3458,5414
3458,5413
3458,5412
3458,5411
3458,5410
3458,5409
3458,5408
3458,5407
3458,5406
3458,5405
3458,5404
3458,5403
3458,5402
3458,5401
3458,5400
3458,5399
3458,5398
3458,5397
3458,5396
3458,5395
3458,5394
3458,5393
3458,5392
3458,5391
3458,5390
3458,5389
3458,5388
3458,5387
3458,5386
3458,5385
3458,5384
3458,5383
3458,5382
3458,5381
3458,5380
3458,5379
3458,5378
3458,5377
3458,5376
3458,5375
3458,5374
3458,5373
3458,5372
3458,5371
3458,5370
3458,5369
3458,5368
3458,5367
3458,5366
3458,5365
3458,5364
3458,5363
3458,5362
3458,5361
3458,5360
3458,5359
3458,5358
3458,5357
3458,5356
3458,5355
3458,5354
3458,5353
3458,5352
3458,5351
3458,5350
3458,5349
3458,5348
3458,5347
3458,5346
3458,5345
3458,5344
3458,5343
3458,5342
3458,5341
3458,5340
3458,5339
3458,5338
3458,5337
3458,5336
3458,5335
3458,5334
3458,5333
3458,5332
3458,5331
3458,5330
3458,5329
3458,5328
3458,5327
3458,5326
3458,5325
3458,5324
3458,5323
3458,5322
3458,5321
3458,5320
3458,5319
3458,5318
3458,5317
3458,5316
3458,5315
3458,5314
3458,5313
3458,5312
3458,5311
3458,5310
3458,5309
3458,5308
3458,5307
3458,5306
3458,5305
3458,5304
3458,5303
3458,5302
3458,5301
3458,5300
3458,5299
3458,5298
3458,5297
3458,5296
3458,5295
3458,5294
3458,5293
3458,5292
3458,5291
3458,5290
3458,5289
3458,5288
3458,5287
3458,5286
3458,5285
3458,5284
3458,5283
3458,5282
3458,5281
3458,5280
3458,5279
3458,5278
3458,5277
3458,5276
3458,5275
3458,5274
3458,5273
3458,5272
3458,5271
3458,5270
3458,5269
3458,5268
3458,5267
3458,5266
3458,5265
3458,5264
3458,5263
3458,5262
3458,5261
3458,5260
3458,5259
3458,5258
3458,5257
3458,5256
3458,5255
3458,5254
3458,5253
3458,5252
3458,5251
3458,5250
3458,5249
3458,5248
3458,5247
3458,5246
3458,5245
3458,5244
3458,5243
3458,5242
3458,5241
3458,5240
3458,5239
3458,5238
3458,5237
3458,5236
3458,5235
3458,5234
3458,5233
3458,5232
3458,5231
3458,5230
3458,5229
3458,5228
3458,5227
3458,5226
3458,5225
3458,5224
3458,5223
3458,5222
3458,5221
3458,5220
3458,5219
3458,5218
3458,5217
3458,5216
3458,5215
3458,5214
3458,5213
3458,5212
3458,5211
3458,5210
3458,5209
3458,5208
3458,5207
3458,5206
3458,5205
3458,5204
3458,5203
3458,5202
3458,5201
3458,5200
3458,5199
3458,5198
3458,5197
3458,5196
3458,5195
3458,5194
3458,5193
3458,5192
3458,5191
3458,5190
3458,5189
3458,5188
3458,5187
3458,5186
3458,5185
3458,5184
3458,5183
3458,5182
3458,5181
3458,5180
3458,5179
3458,5178
3458,5177
3458,5176
3458,5175
3458,5174
3458,5173
3458,5172
3458,5171
3458,5170
3458,5169
3458,5168
3458,5167
3458,5166
3458,5165
3458,5164
3458,5163
3458,5162
3458,5161
3458,5160
3458,5159
3458,5158
3458,5157
3458,5156
3458,5155
3458,5154
3458,5153
3458,5152
3458,5151
3458,5150
3458,5149
3458,5148
3458,5147
3458,5146
3458,5145
3458,5144
3458,5143
3458,5142
3458,5141
3458,5140
3458,5139
3458,5138
3458,5137
3458,5136
3458,5135
3458,5134
3458,5133
3458,5132
3458,5131
3458,5130
3458,5129
3458,5128
3458,5127
3458,5126
3458,5125
3458,5124
3458,5123
3458,5122
3458,5121
3458,5120
3458,5119
3458,5118
3458,5117
3458,5116
3458,5115
3458,5114
3458,5113
3458,5112
3458,5111
3458,5110
3458,5109
3458,5108
3458,5107
3458,5106
3458,5105
3458,5104
3458,5103
3458,5102
3458,5101
3458,5100
3458,5099
3458,5098
3458,5097
3458,5096
3458,5095
3458,5094
3458,5093
3458,5092
3458,5091
3458,5090
3458,5089
3458,5088
3458,5087
3458,5086
3458,5085
3458,5084
3458,5083
3458,5082
3458,5081
3458,5080
3458,5079
3458,5078
3458,5077
3458,5076
3458,5075
3458,5074
3458,5073
3458,5072
3458,5071
3458,5070
3458,5069
3458,5068
3458,5067
3458,5066
3458,5065
3458,5064
3458,5063
3458,5062
3458,5061
3458,5060
3458,5059
3458,5058
3458,5057
3458,5056
3458,5055
3458,5054
3458,5053
3458,5052
3458,5051
3458,5050
3458,5049
3458,5048
3458,5047
3458,5046
3458,5045
3458,5044
3458,5043
3458,5042
3458,5041
3458,5040
3458,5039
3458,5038
3458,5037
3458,5036
3458,5035
3458,5034
3458,5033
3458,5032
3458,5031
3458,5030
3458,5029
3458,5028
3458,5027
3458,5026
3458,5025
3458,5024
3458,5023
3458,5022
3458,5021
3458,5020
3458,5019
3458,5018
3458,5017
3458,5016
3458,5015
3458,5014
3458,5013
3458,5012
3458,5011
3458,5010
3458,5009
3458,5008
3458,5007
3458,5006
3458,5005
3458,5004
3458,5003
3458,5002
3458,5001
3458,5000
3458,4999
3458,4998
3458,4997
3458,4996
3458,4995
3458,4994
3458,4993
3458,4992
3458,4991
3458,4990
3458,4989
3458,4988
3458,4987
3458,4986
3458,4985
3458,4984
3458,4983
3458,4982
3458,4981
3458,4980
3458,4979
3458,4978
3458,4977
3458,4976
3458,4975
3458,4974
3458,4973
3458,4972
3458,4971
3458,4970
3458,4969
3458,4968
3458,4967
3458,4966
3458,4965
3458,4964
3458,4963
3458,4962
3458,4961
3458,4960
3458,4959
3458,4958
3458,4957
3458,4956
3458,4955
3458,4954
3458,4953
3458,4952
3458,4951
3458,4950
3458,4949
3458,4948
3458,4947
3458,4946
3458,4945
3458,4944
3458,4943
3458,4942
3458,4941
3458,4940
3458,4939
3458,4938
3458,4937
3458,4936
3458,4935
3458,4934
3458,4933
3458,4932
3458,4931
3458,4930
3458,4929
3458,4928
3458,4927
3458,4926
3458,4925
3458,4924
3458,4923
3458,4922
3458,4921
3458,4920
3458,4919
3458,4918
3458,4917
3458,4916
3458,4915
3458,4914
3458,4913
3458,4912
3458,4911
3458,4910
3458,4909
3458,4908
3458,4907
3458,4906
3458,4905
3458,4904
3458,4903
3458,4902
3458,4901
3458,4900
3458,4899
3458,4898
3458,4897
3458,4896
3458,4895
3458,4894
3458,4893
3458,4892
3458,4891
3458,4890
3458,4889
3458,4888
3458,4887
3458,4886
3458,4885
3458,4884
3458,4883
3458,4882
3458,4881
3458,4880
3458,4879
3458,4878
3458,4877
3458,4876
3458,4875
3458,4874
3458,4873
3458,4872
3458,4871
3458,4870
3458,4869
3458,4868
3458,4867
3458,4866
3458,4865
3458,4864
3458,4863
3458,4862
3458,4861
3458,4860
3458,4859
3458,4858
3458,4857
3458,4856
3458,4855
3458,4854
3458,4853
3458,4852
3458,4851
3458,4850
3458,4849
3458,4848
3458,4847
3458,4846
3458,4845
3458,4844
3458,4843
3458,4842
3458,4841
3458,4840
3458,4839
3458,4838
3458,4837
3458,4836
3458,4835
3458,4834
3458,4833
3458,4832
3458,4831
3458,4830
3458,4829
3458,4828
3458,4827
3458,4826
3458,4825
3458,4824
3458,4823
3458,4822
3458,4821
3458,4820
3458,4819
3458,4818
3458,4817
3458,4816
3458,4815
3458,4814
3458,4813
3458,4812
3458,4811
3458,4810
3458,4809
3458,4808
3458,4807
3458,4806
3458,4805
3458,4804
3458,4803
3458,4802
3458,4801
3458,4800
3458,4799
3458,4798
3458,4797
3458,4796
3458,4795
3458,4794
3458,4793
3458,4792
3458,4791
3458,4790
3458,4789
3458,4788
3458,4787
3458,4786
3458,4785
3458,4784
3458,4783
3458,4782
3458,4781
3458,4780
3458,4779
3458,4778
3458,4777
3458,4776
3458,4775
3458,4774
3458,4773
3458,4772
3458,4771
3458,4770
3458,4769
3458,4768
3458,4767
3458,4766
3458,4765
3458,4764
3458,4763
3458,4762
3458,4761
3458,4760
3458,4759
3458,4758
3458,4757
3458,4756
3458,4755
3458,4754
3458,4753
3458,4752
3458,4751
3458,4750
3458,4749
3458,4748
3458,4747
3458,4746
3458,4745
3458,4744
3458,4743
3458,4742
3458,4741
3458,4740
3458,4739
3458,4738
3458,4737
3458,4736
3458,4735
3458,4734
3458,4733
3458,4732
3458,4731
3458,4730
3458,4729
3458,4728
3458,4727
3458,4726
3458,4725
3458,4724
3458,4723
3458,4722
3458,4721
3458,4720
3458,4719
3458,4718
3458,4717
3458,4716
3458,4715
3458,4714
3458,4713
3458,4712
3458,4711
3458,4710
3458,4709
3458,4708
3458,4707
3458,4706
3458,4705
3458,4704
3458,4703
3458,4702
3458,4701
3458,4700
3458,4699
3458,4698
3458,4697
3458,4696
3458,4695
3458,4694
3458,4693
3458,4692
3458,4691
3458,4690
3458,4689
3458,4688
3458,4687
3458,4686
3458,4685
3458,4684
3458,4683
3458,4682
3458,4681
3458,4680
3458,4679
3458,4678
3458,4677
3458,4676
3458,4675
3458,4674
3458,4673
3458,4672
3458,4671
3458,4670
3458,4669
3458,4668
3458,4667
3458,4666
3458,4665
3458,4664
3458,4663
3458,4662
3458,4661
3458,4660
3458,4659
3458,4658
3458,4657
3458,4656
3458,4655
3458,4654
3458,4653
3458,4652
3458,4651
3458,4650
3458,4649
3458,4648
3458,4647
3458,4646
3458,4645
3458,4644
3458,4643
3458,4642
3458,4641
3458,4640
3458,4639
3458,4638
3458,4637
3458,4636
3458,4635
3458,4634
3458,4633
3458,4632
3458,4631
3458,4630
3458,4629
3458,4628
3458,4627
3458,4626
3458,4625
3458,4624
3458,4623
3458,4622
3458,4621
3458,4620
3458,4619
3458,4618
3458,4617
3458,4616
3458,4615
3458,4614
3458,4613
3458,4612
3458,4611
3458,4610
3458,4609
3458,4608
3458,4607
3458,4606
3458,4605
3458,4604
3458,4603
3458,4602
3458,4601
3458,4600
3458,4599
3458,4598
3458,4597
3458,4596
3458,4595
3458,4594
3458,4593
3458,4592
3458,4591
3458,4590
3458,4589
3458,4588
3458,4587
3458,4586
3458,4585
3458,4584
3458,4583
3458,4582
3458,4581
3458,4580
3458,4579
3458,4578
3458,4577
3458,4576
3458,4575
3458,4574
3458,4573
3458,4572
3458,4571
3458,4570
3458,4569
3458,4568
3458,4567
3458,4566
3458,4565
3458,4564
3458,4563
3458,4562
3458,4561
3458,4560
3458,4559
3458,4558
3458,4557
3458,4556
3458,4555
3458,4554
3458,4553
3458,4552
3458,4551
3458,4550
3458,4549
3458,4548
3458,4547
3458,4546
3458,4545
3458,4544
3458,4543
3458,4542
3458,4541
3458,4540
3458,4539
3458,4538
3458,4537
3458,4536
3458,4535
3458,4534
3458,4533
3458,4532
3458,4531
3458,4530
3458,4529
3458,4528
3458,4527
3458,4526
3458,4525
3458,4524
3458,4523
3458,4522
3458,4521
3458,4520
3458,4519
3458,4518
3458,4517
3458,4516
3458,4515
3458,4514
3458,4513
3458,4512
3458,4511
3458,4510
3458,4509
3458,4508
3458,4507
3458,4506
3458,4505
3458,4504
3458,4503
3458,4502
3458,4501
3458,4500
3458,4499
3458,4498
3458,4497
3458,4496
3458,4495
3458,4494
3458,4493
3458,4492
3458,4491
3458,4490
3458,4489
3458,4488
3458,4487
3458,4486
3458,4485
3458,4484
3458,4483
3458,4482
3458,4481
3458,4480
3458,4479
3458,4478
3458,4477
3458,4476
3458,4475
3458,4474
3458,4473
3458,4472
3458,4471
3458,4470
3458,4469
3458,4468
3458,4467
3458,4466
3458,4465
3458,4464
3458,4463
3458,4462
3458,4461
3458,4460
3458,4459
3458,4458
3458,4457
3458,4456
3458,4455
3458,4454
3458,4453
3458,4452
3458,4451
3458,4450
3458,4449
3458,4448
3458,4447
3458,4446
3458,4445
3458,4444
3458,4443
3458,4442
3458,4441
3458,4440
3458,4439
3458,4438
3458,4437
3458,4436
3458,4435
3458,4434
3458,4433
3458,4432
3458,4431
3458,4430
3458,4429
3458,4428
3458,4427
3458,4426
3458,4425
3458,4424
3458,4423
3458,4422
3458,4421
3458,4420
3458,4419
3458,4418
3458,4417
3458,4416
3458,4415
3458,4414
3458,4413
3458,4412
3458,4411
3458,4410
3458,4409
3458,4408
3458,4407
3458,4406
3458,4405
3458,4404
3458,4403
3458,4402
3458,4401
3458,4400
3458,4399
3458,4398
3458,4397
3458,4396
3458,4395
3458,4394
3458,4393
3458,4392
3458,4391
3458,4390
3458,4389
3458,4388
3458,4387
3458,4386
3458,4385
3458,4384
3458,4383
3458,4382
3458,4381
3458,4380
3458,4379
3458,4378
3458,4377
3458,4376
3458,4375
3458,4374
3458,4373
3458,4372
3458,4371
3458,4370
3458,4369
3458,4368
3458,4367
3458,4366
3458,4365
3458,4364
3458,4363
3458,4362
3458,4361
3458,4360
3458,4359
3458,4358
3458,4357
3458,4356
3458,4355
3458,4354
3458,4353
3458,4352
3458,4351
3458,4350
3458,4349
3458,4348
3458,4347
3458,4346
3458,4345
3458,4344
3458,4343
3458,4342
3458,4341
3458,4340
3458,4339
3458,4338
3458,4337
3458,4336
3458,4335
3458,4334
3458,4333
3458,4332
3458,4331
3458,4330
3458,4329
3458,4328
3458,4327
3458,4326
3458,4325
3458,4324
3458,4323
3458,4322
3458,4321
3458,4320
3458,4319
3458,4318
3458,4317
3458,4316
3458,4315
3458,4314
3458,4313
3458,4312
3458,4311
3458,4310
3458,4309
3458,4308
3458,4307
3458,4306
3458,4305
3458,4304
3458,4303
3458,4302
3458,4301
3458,4300
3458,4299
3458,4298
3458,4297
3458,4296
3458,4295
3458,4294
3458,4293
3458,4292
3458,4291
3458,4290
3458,4289
3458,4288
3458,4287
3458,4286
3458,4285
3458,4284
3458,4283
3458,4282
3458,4281
3458,4280
3458,4279
3458,4278
3458,4277
3458,4276
3458,4275
3458,4274
3458,4273
3458,4272
3458,4271
3458,4270
3458,4269
3458,4268
3458,4267
3458,4266
3458,4265
3458,4264
3458,4263
3458,4262
3458,4261
3458,4260
3458,4259
3458,4258
3458,4257
3458,4256
3458,4255
3458,4254
3458,4253
3458,4252
3458,4251
3458,4250
3458,4249
3458,4248
3458,4247
3458,4246
3458,4245
3458,4244
3458,4243
3458,4242
3458,4241
3458,4240
3458,4239
3458,4238
3458,4237
3458,4236
3458,4235
3458,4234
3458,4233
3458,4232
3458,4231
3458,4230
3458,4229
3458,4228
3458,4227
3458,4226
3458,4225
3458,4224
3458,4223
3458,4222
3458,4221
3458,4220
3458,4219
3458,4218
3458,4217
3458,4216
3458,4215
3458,4214
3458,4213
3458,4212
3458,4211
3458,4210
3458,4209
3458,4208
3458,4207
3458,4206
3458,4205
3458,4204
3458,4203
3458,4202
3458,4201
3458,4200
3458,4199
3458,4198
3458,4197
3458,4196
3458,4195
3458,4194
3458,4193
3458,4192
3458,4191
3458,4190
3458,4189
3458,4188
3458,4187
3458,4186
3458,4185
3458,4184
3458,4183
3458,4182
3458,4181
3458,4180
3458,4179
3458,4178
3458,4177
3458,4176
3458,4175
3458,4174
3458,4173
3458,4172
3458,4171
3458,4170
3458,4169
3458,4168
3458,4167
3458,4166
3458,4165
3458,4164
3458,4163
3458,4162
3458,4161
3458,4160
3458,4159
3458,4158
3458,4157
3458,4156
3458,4155
3458,4154
3458,4153
3458,4152
3458,4151
3458,4150
3458,4149
3458,4148
3458,4147
3458,4146
3458,4145
3458,4144
3458,4143
3458,4142
3458,4141
3458,4140
3458,4139
3458,4138
3458,4137
3458,4136
3458,4135
3458,4134
3458,4133
3458,4132
3458,4131
3458,4130
3458,4129
3458,4128
3458,4127
3458,4126
3458,4125
3458,4124
3458,4123
3458,4122
3458,4121
3458,4120
3458,4119
3458,4118
3458,4117
3458,4116
3458,4115
3458,4114
3458,4113
3458,4112
3458,4111
3458,4110
3458,4109
3458,4108
3458,4107
3458,4106
3458,4105
3458,4104
3458,4103
3458,4102
3458,4101
3458,4100
3458,4099
3458,4098
3458,4097
3458,4096
3458,4095
3458,4094
3458,4093
3458,4092
3458,4091
3458,4090
3458,4089
3458,4088
3458,4087
3458,4086
3458,4085
3458,4084
3458,4083
3458,4082
3458,4081
3458,4080
3458,4079
3458,4078
3458,4077
3458,4076
3458,4075
3458,4074
3458,4073
3458,4072
3458,4071
3458,4070
3458,4069
3458,4068
3458,4067
3458,4066
3458,4065
3458,4064
3458,4063
3458,4062
3458,4061
3458,4060
3458,4059
3458,4058
3458,4057
3458,4056
3458,4055
3458,4054
3458,4053
3458,4052
3458,4051
3458,4050
3458,4049
3458,4048
3458,4047
3458,4046
3458,4045
3458,4044
3458,4043
3458,4042
3458,4041
3458,4040
3458,4039
3458,4038
3458,4037
3458,4036
3458,4035
3458,4034
3458,4033
3458,4032
3458,4031
3458,4030
3458,4029
3458,4028
3458,4027
3458,4026
3458,4025
3458,4024
3458,4023
3458,4022
3458,4021
3458,4020
3458,4019
3458,4018
3458,4017
3458,4016
3458,4015
3458,4014
3458,4013
3458,4012
3458,4011
3458,4010
3458,4009
3458,4008
3458,4007
3458,4006
3458,4005
3458,4004
3458,4003
3458,4002
3458,4001
3458,4000
3458,3999
3458,3998
3458,3997
3458,3996
3458,3995
3458,3994
3458,3993
3458,3992
3458,3991
3458,3990
3458,3989
3458,3988
3458,3987
3458,3986
3458,3985
3458,3984
3458,3983
3458,3982
3458,3981
3458,3980
3458,3979
3458,3978
3458,3977
3458,3976
3458,3975
3458,3974
3458,3973
3458,3972
3458,3971
3458,3970
3458,3969
3458,3968
3458,3967
3458,3966
3458,3965
3458,3964
3458,3963
3458,3962
3458,3961
3458,3960
3458,3959
3458,3958
3458,3957
3458,3956
3458,3955
3458,3954
3458,3953
3458,3952
3458,3951
3458,3950
3458,3949
3458,3948
3458,3947
3458,3946
3458,3945
3458,3944
3458,3943
3458,3942
3458,3941
3458,3940
3458,3939
3458,3938
3458,3937
3458,3936
3458,3935
3458,3934
3458,3933
3458,3932
3458,3931
3458,3930
3458,3929
3458,3928
3458,3927
3458,3926
3458,3925
3458,3924
3458,3923
3458,3922
3458,3921
3458,3920
3458,3919
3458,3918
3458,3917
3458,3916
3458,3915
3458,3914
3458,3913
3458,3912
3458,3911
3458,3910
3458,3909
3458,3908
3458,3907
3458,3906
3458,3905
3458,3904
3458,3903
3458,3902
3458,3901
3458,3900
3458,3899
3458,3898
3458,3897
3458,3896
3458,3895
3458,3894
3458,3893
3458,3892
3458,3891
3458,3890
3458,3889
3458,3888
3458,3887
3458,3886
3458,3885
3458,3884
3458,3883
3458,3882
3458,3881
3458,3880
3458,3879
3458,3878
3458,3877
3458,3876
3458,3875
3458,3874
3458,3873
3458,3872
3458,3871
3458,3870
3458,3869
3458,3868
3458,3867
3458,3866
3458,3865
3458,3864
3458,3863
3458,3862
3458,3861
3458,3860
3458,3859
3458,3858
3458,3857
3458,3856
3458,3855
3458,3854
3458,3853
3458,3852
3458,3851
3458,3850
3458,3849
3458,3848
3458,3847
3458,3846
3458,3845
3458,3844
3458,3843
3458,3842
3458,3841
3458,3840
3458,3839
3458,3838
3458,3837
3458,3836
3458,3835
3458,3834
3458,3833
3458,3832
3458,3831
3458,3830
3458,3829
3458,3828
3458,3827
3458,3826
3458,3825
3458,3824
3458,3823
3458,3822
3458,3821
3458,3820
3458,3819
3458,3818
3458,3817
3458,3816
3458,3815
3458,3814
3458,3813
3458,3812
3458,3811
3458,3810
3458,3809
3458,3808
3458,3807
3458,3806
3458,3805
3458,3804
3458,3803
3458,3802
3458,3801
3458,3800
3458,3799
3458,3798
3458,3797
3458,3796
3458,3795
3458,3794
3458,3793
3458,3792
3458,3791
3458,3790
3458,3789
3458,3788
3458,3787
3458,3786
3458,3785
3458,3784
3458,3783
3458,3782
3458,3781
3458,3780
3458,3779
3458,3778
3458,3777
3458,3776
3458,3775
3458,3774
3458,3773
3458,3772
3458,3771
3458,3770
3458,3769
3458,3768
3458,3767
3458,3766
3458,3765
3458,3764
3458,3763
3458,3762
3458,3761
3458,3760
3458,3759
3458,3758
3458,3757
3458,3756
3458,3755
3458,3754
3458,3753
3458,3752
3458,3751
3458,3750
3458,3749
3458,3748
3458,3747
3458,3746
3458,3745
3458,3744
3458,3743
3458,3742
3458,3741
3458,3740
3458,3739
3458,3738
3458,3737
3458,3736
3458,3735
3458,3734
3458,3733
3458,3732
3458,3731
3458,3730
3458,3729
3458,3728
3458,3727
3458,3726
3458,3725
3458,3724
3458,3723
3458,3722
3458,3721
3458,3720
3458,3719
3458,3718
3458,3717
3458,3716
3458,3715
3458,3714
3458,3713
3458,3712
3458,3711
3458,3710
3458,3709
3458,3708
3458,3707
3458,3706
3458,3705
3458,3704
3458,3703
3458,3702
3458,3701
3458,3700
3458,3699
3458,3698
3458,3697
3458,3696
3458,3695
3458,3694
3458,3693
3458,3692
3458,3691
3458,3690
3458,3689
3458,3688
3458,3687
3458,3686
3458,3685
3458,3684
3458,3683
3458,3682
3458,3681
3458,3680
3458,3679
3458,3678
3458,3677
3458,3676
3458,3675
3458,3674
3458,3673
3458,3672
3458,3671
3458,3670
3458,3669
3458,3668
3458,3667
3458,3666
3458,3665
3458,3664
3458,3663
3458,3662
3458,3661
3458,3660
3458,3659
3458,3658
3458,3657
3458,3656
3458,3655
3458,3654
3458,3653
3458,3652
3458,3651
3458,3650
3458,3649
3458,3648
3458,3647
3458,3646
3458,3645
3458,3644
3458,3643
3458,3642
3458,3641
3458,3640
3458,3639
3458,3638
3458,3637
3458,3636
3458,3635
3458,3634
3458,3633
3458,3632
3458,3631
3458,3630
3458,3629
3458,3628
3458,3627
3458,3626
3458,3625
3458,3624
3458,3623
3458,3622
3458,3621
3458,3620
3458,3619
3458,3618
3458,3617
3458,3616
3458,3615
3458,3614
3458,3613
3458,3612
3458,3611
3458,3610
3458,3609
3458,3608
3458,3607
3458,3606
3458,3605
3458,3604
3458,3603
3458,3602
3458,3601
3458,3600
3458,3599
3458,3598
3458,3597
3458,3596
3458,3595
3458,3594
3458,3593
3458,3592
3458,3591
3458,3590
3458,3589
3458,3588
3458,3587
3458,3586
3458,3585
3458,3584
3458,3583
3458,3582
3458,3581
3458,3580
3458,3579
3458,3578
3458,3577
3458,3576
3458,3575
3458,3574
3458,3573
3458,3572
3458,3571
3458,3570
3458,3569
3458,3568
3458,3567
3458,3566
3458,3565
3458,3564
3458,3563
3458,3562
3458,3561
3458,3560
3458,3559
3458,3558
3458,3557
3458,3556
3458,3555
3458,3554
3458,3553
3458,3552
3458,3551
3458,3550
3458,3549
3458,3548
3458,3547
3458,3546
3458,3545
3458,3544
3458,3543
3458,3542
3458,3541
3458,3540
3458,3539
3458,3538
3458,3537
3458,3536
3458,3535
3458,3534
3458,3533
3458,3532
3458,3531
3458,3530
3458,3529
3458,3528
3458,3527
3458,3526
3458,3525
3458,3524
3458,3523
3458,3522
3458,3521
3458,3520
3458,3519
3458,3518
3458,3517
3458,3516
3458,3515
3458,3514
3458,3513
3458,3512
3458,3511
3458,3510
3458,3509
3458,3508
3458,3507
3458,3506
3458,3505
3458,3504
3458,3503
3458,3502
3458,3501
3458,3500
3458,3499
3458,3498
3458,3497
3458,3496
3458,3495
3458,3494
3458,3493
3458,3492
3458,3491
3458,3490
3458,3489
3458,3488
3458,3487
3458,3486
3458,3485
3458,3484
3458,3483
3458,3482
3458,3481
3458,3480
3458,3479
3458,3478
3458,3477
3458,3476
3458,3475
3458,3474
3458,3473
3458,3472
3458,3471
3458,3470
3458,3469
3458,3468
3458,3467
3458,3466
3458,3465
3458,3464
3458,3463
3458,3462
3458,3461
3458,3460
3458,3459
0,3458
3452,3457
3452,3456
3452,3455
3452,3454
3452,3453
0,3452
3383,3451
3383,3450
3383,3449
3383,3448
3383,3447
3383,3446
3383,3445
3383,3444
3383,3443
3383,3442
3383,3441
3383,3440
3383,3439
3383,3438
3383,3437
3383,3436
3383,3435
3383,3434
3383,3433
3383,3432
3383,3431
3383,3430
3383,3429
3383,3428
3383,3427
3383,3426
3383,3425
3383,3424
3383,3423
3383,3422
3383,3421
3383,3420
3383,3419
3383,3418
3383,3417
3383,3416
3383,3415
3383,3414
3383,3413
3383,3412
3383,3411
3383,3410
3383,3409
3383,3408
3383,3407
3383,3406
3383,3405
3383,3404
3383,3403
3383,3402
3383,3401
3383,3400
3383,3399
3383,3398
3383,3397
3383,3396
3383,3395
3383,3394
3383,3393
3383,3392
3383,3391
3383,3390
3383,3389
3383,3388
3383,3387
3383,3386
3383,3385
3383,3384
0,3383
3378,3382
3378,3381
3378,3380
3378,3379
0,3378
3374,3377
3374,3376
3374,3375
0,3374
2014,3373
2014,2019
2014,3372
2014,3371
2014,3370
2014,3369
2014,2175
2014,2764
2014,3368
2014,3367
2014,3366
2014,3365
2014,3364
2014,3363
2014,3362
2014,3361
2014,3360
2014,3359
2014,2325
2014,3358
2014,2736
2014,3357
2014,3356
2014,3355
2014,3354
2014,3353
2014,2618
2014,3352
2014,3351
2014,3350
2014,3349
2014,3348
2014,3347
2014,3346
2014,3345
2014,3344
2014,3343
2014,2820
2014,2433
2014,3342
2014,3341
2014,2354
2014,3340
2014,3339
2014,3338
2014,3337
2014,3336
2014,3335
2014,3334
2014,2815
2014,3333
2014,3332
2014,3331
2014,3330
2014,3329
2014,3328
2014,3327
2014,3326
2014,2272
2014,3325
2014,3324
2014,3323
2014,3322
2014,3321
2014,3320
2014,3319
2014,2055
2014,3318
2014,2902
2014,3317
2014,3316
2014,2921
2014,3315
2014,3314
2014,3313
2014,2712
2014,2777
2014,3312
2014,3311
2014,3310
2014,3309
2014,3308
2014,3307
2014,3306
2014,3305
2014,3304
2014,3303
2014,3302
2014,3301
2014,3300
2014,3299
2014,2509
2014,3298
2014,3297
2014,3296
2014,3295
2014,2514
2014,3294
2014,3293
2014,3292
2014,3291
2014,3290
2014,3289
2014,3288
2014,3287
2014,3286
2014,2397
2014,2586
2014,3285
2014,3284
2014,3283
2014,3282
2014,3281
2014,3280
2014,3279
2014,3278
2014,3277
2014,3276
2014,3275
2014,3274
2014,3273
2014,3272
2014,2162
2014,3271
2014,3270
2014,3269
2014,2588
2014,3268
2014,2518
2014,3267
2014,2810
2014,3266
2014,3265
2014,3264
2014,3263
2014,3262
2014,3261
2014,3260
2014,3259
2014,3258
2014,3257
2014,3256
2014,2743
2014,3255
2014,3254
2014,3253
2014,3252
2014,3251
2014,3250
2014,3249
2014,3248
2014,3247
2014,3246
2014,3245
2014,3244
2014,3243
2014,3242
2014,3241
2014,3240
2014,3239
2014,3238
2014,3237
2014,3236
2014,3235
2014,3234
2014,2945
2014,3233
2014,3232
2014,3231
2014,3230
2014,3229
2014,3228
2014,3227
2014,2124
2014,3226
2014,3225
2014,3224
2014,3223
2014,3222
2014,3221
2014,3220
2014,2699
2014,3219
2014,2263
2014,3218
2014,2159
2014,3217
2014,3216
2014,3215
2014,3214
2014,3213
2014,3212
2014,3211
2014,3210
2014,2598
2014,3209
2014,3208
2014,3207
2014,3206
2014,3205
2014,3204
2014,3203
2014,3202
2014,2412
2014,3201
2014,3200
2014,3199
2014,3198
2014,3197
2014,3196
2014,2740
2014,2530
2014,3195
2014,2794
2014,3194
2014,2779
2014,3193
2014,3192
2014,3191
2014,2610
2014,3190
2014,3189
2014,3188
2014,3187
2014,3186
2014,3185
2014,2929
2014,3184
2014,3183
2014,2606
2014,3182
2014,2837
2014,3181
2014,3180
2014,3179
2014,3178
2014,2724
2014,3177
2014,3176
2014,3175
2014,3174
2014,2274
2014,3173
2014,3172
2014,3171
2014,3170
2014,3169
2014,3168
2014,3167
2014,3166
2014,3165
2014,3164
2014,2564
2014,3163
2014,3162
2014,2892
2014,3161
2014,3160
2014,3159
2014,2049
2014,3158
2014,3157
2014,2656
2014,3156
2014,2556
2014,3155
2014,3154
2014,3153
2014,3152
2014,3151
2014,3150
2014,3149
2014,3148
2014,3147
2014,3146
2014,3145
2014,3144
2014,3143
2014,3142
2014,2321
2014,3141
2014,3140
2014,2452
2014,3139
2014,3138
2014,3137
2014,3136
2014,3135
2014,3134
2014,3133
2014,3132
2014,2477
2014,3131
2014,3130
2014,3129
2014,3128
2014,3127
2014,3126
2014,3125
2014,3124
2014,3123
2014,2348
2014,2890
2014,3122
2014,3121
2014,3120
2014,3119
2014,3118
2014,3117
2014,3116
2014,3115
2014,3114
2014,3113
2014,3112
2014,3111
2014,3110
2014,2405
2014,2206
2014,3109
2014,2612
2014,3108
2014,3107
2014,3106
2014,3105
2014,3104
2014,3103
2014,3102
2014,3101
2014,3100
2014,2547
2014,3099
2014,2365
2014,2378
2014,3098
2014,2276
2014,3097
2014,3096
2014,3095
2014,3094
2014,3093
2014,3092
2014,3091
2014,3090
2014,3089
2014,3088
2014,3087
2014,3086
2014,3085
2014,2407
2014,3084
2014,2083
2014,2306
2014,3083
2014,3082
2014,3081
2014,3080
2014,2293
2014,2749
2014,3079
2014,3078
2014,3077
2014,2681
2014,3076
2014,3075
2014,3074
2014,2705
2014,3073
2014,2119
2014,3072
2014,3071
2014,2060
2014,3070
2014,3069
2014,2304
2014,3068
2014,2416
2014,3067
2014,3066
2014,3065
2014,3064
2014,3063
2014,3062
2014,2431
2014,3061
2014,3060
2014,3059
2014,3058
2014,3057
2014,3056
2014,3055
2014,3054
2014,3053
2014,2806
2014,3052
2014,3051
2014,3050
2014,3049
2014,3048
2014,3047
2014,2473
2014,3046
2014,2702
2014,3045
2014,3044
2014,3043
2014,3042
2014,3041
2014,3040
2014,3039
2014,2047
2014,3038
2014,3037
2014,2423
2014,3036
2014,3035
2014,3034
2014,3033
2014,3032
2014,3031
2014,3030
2014,3029
2014,3028
2014,3027
2014,2215
2014,3026
2014,3025
2014,3024
2014,2953
2014,3023
2014,2190
2014,3022
2014,3021
2014,2071
2014,3020
2014,3019
2014,3018
2014,3017
2014,3016
2014,3015
2014,3014
2014,3013
2014,3012
2014,3011
2014,3010
2014,2069
2014,2022
2014,3009
2014,3008
2014,3007
2014,3006
2014,3005
2014,3004
2014,3003
2014,3002
2014,2181
2014,3001
2014,3000
2014,2868
2014,2999
2014,2152
2014,2494
2014,2998
2014,2997
2014,2534
2014,2996
2014,2995
2014,2439
2014,2994
2014,2993
2014,2992
2014,2101
2014,2991
2014,2990
2014,2989
2014,2988
2014,2987
2014,2986
2014,2985
2014,2984
2014,2785
2014,2983
2014,2982
2014,2981
2014,2980
2014,2979
2014,2978
2014,2977
2014,2976
2014,2111
2014,2707
2014,2975
2014,2974
2014,2973
2014,2972
2014,2971
2014,2352
2014,2834
2014,2970
2014,2969
2014,2968
2014,2967
2014,2386
2014,2966
2014,2965
2014,2964
2014,2963
2014,2962
2014,2961
2014,2960
2014,2959
2014,2958
2014,2957
2014,2956
2014,2955
2014,2954
2952,2953
2014,2952
2014,2073
2951,2603
2014,2951
2950,2182
2014,2950
2949,2909
2014,2949
2948,2079
2014,2948
2014,2947
2014,2551
2014,2946
2014,2078
2944,2945
2014,2944
2014,2943
2941,2942
2014,2941
2940,2193
2014,2940
2939,2091
2014,2939
2938,2413
2014,2938
2014,2937
2014,2936
2935,2245
2014,2935
2014,2934
2014,2933
2014,2932
2931,2040
2014,2931
2930,2736
2014,2930
2928,2929
2014,2928
2927,2594
2014,2927
2014,2926
2924,2925
2014,2924
2014,2923
2014,2922
2920,2921
2014,2920
2014,2919
2014,2918
2014,2285
2014,2917
2915,2916
2014,2915
2014,2914
2014,2913
2014,2912
2911,2507
2014,2911
2910,2202
2014,2910
2014,2620
2014,2909
2014,2908
2014,2907
2906,2715
2014,2906
2905,2458
2014,2905
2014,2904
2903,2076
2014,2903
2901,2902
2014,2901
2014,2900
2014,2899
2898,2534
2014,2898
2014,2897
2014,2896
2014,2895
2014,2894
2014,2893
2891,2892
2014,2891
2889,2890
2014,2889
2014,2888
2014,2429
2887,2183
2014,2887
2014,2093
2886,2336
2014,2886
2014,2885
2014,2884
2883,2518
2014,2883
2014,2882
2881,2261
2014,2881
2880,2295
2014,2880
2879,2618
2014,2879
2878,2055
2014,2878
2014,2877
2014,2545
2014,2876
2875,2658
2014,2875
2014,2874
2873,2702
2014,2873
2014,2201
2014,2150
2872,2603
2014,2872
2871,2027
2014,2871
2014,2870
2014,2122
2014,2869
2867,2868
2014,2867
2014,2866
2014,2865
2014,2670
2014,2864
2014,2863
2014,2862
2014,2861
2860,2561
2014,2860
2014,2679
2014,2859
2014,2858
2014,2857
2014,2856
2854,2855
2014,2854
2014,2164
2014,2758
2014,2853
2014,2852
2014,2851
2014,2383
2850,2687
2014,2850
2849,2520
2014,2849
2014,2848
2847,2147
2014,2847
2846,2552
2014,2846
2014,2845
2014,2844
2014,2527
2014,2843
2014,2842
2014,2822
2841,2098
2014,2841
2840,2661
2014,2840
2014,2839
2838,2206
2014,2838
2836,2837
2014,2836
2014,2835
2833,2834
2014,2833
2014,2154
2014,2832
2831,2164
2014,2831
2830,2160
2014,2830
2014,2829
2014,2828
2826,2827
2014,2826
2014,2825
2823,2824
2014,2823
2821,2822
2014,2821
2819,2820
2014,2819
2818,2016
2014,2818
2014,2767
2817,2188
2014,2817
2014,2816
2814,2815
2014,2814
2014,2813
2014,2426
2014,2772
2014,2812
2811,2412
2014,2811
2809,2810
2014,2809
2808,2604
2014,2808
2014,2807
2805,2806
2014,2805
2014,2804
2803,2087
2014,2803
2802,2323
2014,2802
2014,2801
2014,2800
2014,2799
2798,2627
2014,2798
2797,2785
2014,2797
2796,2443
2014,2796
2014,2795
2793,2794
2014,2793
2014,2792
2014,2594
2014,2032
2791,2203
2014,2791
2014,2756
2014,2506
2790,2679
2014,2790
2789,2494
2014,2789
2014,2788
2787,2383
2014,2787
2014,2786
2784,2785
2014,2784
2014,2783
2014,2782
2781,2492
2014,2781
2014,2780
2778,2779
2014,2778
2776,2777
2014,2776
2775,2108
2014,2775
2014,2774
2014,2773
2771,2772
2014,2771
2770,2449
2014,2770
2014,2769
2014,2768
2766,2767
2014,2766
2014,2765
2763,2764
2014,2763
2014,2762
2761,2452
2014,2761
2014,2235
2760,2249
2014,2760
2014,2442
2759,2564
2014,2759
2757,2758
2014,2757
2755,2756
2014,2755
2014,2754
2014,2753
2014,2687
2752,2220
2014,2752
2014,2751
2014,2750
2014,2571
2748,2749
2014,2748
2014,2747
2014,2746
2745,2661
2014,2745
2014,2744
2742,2743
2014,2742
2741,2342
2014,2741
2739,2740
2014,2739
2738,2017
2014,2738
2014,2737
2735,2736
2014,2735
2734,2391
2014,2734
2733,2384
2014,2733
2732,2488
2014,2732
2014,2731
2730,2216
2014,2730
2014,2342
2014,2729
2014,2728
2014,2095
2014,2040
2014,2727
2014,2127
2014,2726
2014,2725
2723,2724
2014,2723
2014,2722
2014,2721
2720,2319
2014,2720
2014,2719
2014,2718
2014,2717
2014,2716
2014,2715
2714,2160
2014,2714
2014,2713
2711,2712
2014,2711
2014,2710
2014,2709
2708,2064
2014,2708
2014,2035
2706,2707
2014,2706
2704,2705
2014,2704
2014,2703
2701,2702
2014,2701
2700,2362
2014,2700
2698,2699
2014,2698
2014,2697
2696,2547
2014,2696
2695,2416
2014,2695
2014,2694
2693,2455
2014,2693
2014,2692
2014,2141
2014,2649
2014,2691
2014,2690
2689,2270
2014,2689
2688,2130
2014,2688
2686,2687
2014,2686
2014,2685
2014,2684
2683,2233
2014,2683
2682,2586
2014,2682
2680,2681
2014,2680
2678,2679
2014,2678
2014,2677
2676,2454
2014,2676
2675,2279
2014,2675
2014,2674
2673,2274
2014,2673
2672,2075
2014,2672
2671,2588
2014,2671
2669,2670
2014,2669
2668,2173
2014,2668
2666,2667
2014,2666
2665,2233
2014,2665
2014,2664
2014,2663
2662,2030
2014,2662
2014,2661
2014,2436
2014,2660
2659,2312
2014,2659
2014,2658
2014,2657
2014,2567
2655,2656
2014,2655
2654,2424
2014,2654
2014,2653
2652,2032
2014,2652
2014,2651
2014,2650
2648,2649
2014,2648
2014,2647
2014,2646
2014,2645
2643,2644
2014,2643
2642,2557
2014,2642
2014,2641
2640,2568
2014,2640
2014,2639
2637,2638
2014,2637
2636,2127
2014,2636
2635,2442
2014,2635
2634,2135
2014,2634
2014,2633
2014,2632
2631,2516
2014,2631
2629,2630
2014,2629
2628,2414
2014,2628
2014,2627
2014,2626
2014,2625
2014,2624
2014,2623
2014,2622
2014,2621
2619,2620
2014,2619
2617,2618
2014,2617
2014,2616
2615,2138
2014,2615
2613,2614
2014,2613
2611,2612
2014,2611
2609,2610
2014,2609
2014,2608
2014,2603
2014,2607
2014,2487
2605,2606
2014,2605
2014,2604
2014,2329
2014,2098
2602,2603
2014,2602
2014,2601
2014,2600
2014,2381
2014,2599
2597,2598
2014,2597
2014,2173
2014,2596
2014,2595
2593,2594
2014,2593
2014,2592
2591,2035
2014,2591
2590,2465
2014,2590
2014,2589
2587,2588
2014,2587
2014,2496
2585,2586
2014,2585
2584,2507
2014,2584
2014,2583
2014,2582
2581,2057
2014,2581
2014,2580
2014,2218
2014,2579
2014,2085
2014,2063
2014,2578
2577,2071
2014,2577
2576,2175
2014,2576
2014,2247
2014,2575
2574,2132
2014,2574
2014,2361
2014,2573
2014,2081
2014,2572
2570,2571
2014,2570
2014,2569
2014,2568
2566,2567
2014,2566
2565,2551
2014,2565
2563,2564
2014,2563
2014,2562
2014,2561
2014,2560
2014,2559
2558,2135
2014,2558
2014,2557
2555,2556
2014,2555
2014,2554
2014,2553
2014,2552
2550,2551
2014,2550
2014,2242
2014,2549
2014,2548
2546,2547
2014,2546
2544,2545
2014,2544
2014,2460
2014,2543
2014,2542
2014,2541
2014,2213
2014,2540
2539,2232
2014,2539
2014,2538
2536,2537
2014,2536
2014,2535
2533,2534
2014,2533
2014,2401
2014,2532
2531,2259
2014,2531
2529,2530
2014,2529
2014,2528
2526,2527
2014,2526
2525,2455
2014,2525
2524,2201
2014,2524
2014,2523
2522,2117
2014,2522
2521,2454
2014,2521
2014,2520
2014,2468
2014,2519
2517,2518
2014,2517
2014,2259
2014,2516
2515,2133
2014,2515
2513,2514
2014,2513
2014,2512
2014,2511
2014,2510
2508,2509
2014,2508
2014,2507
2505,2506
2014,2505
2504,2022
2014,2504
2503,2392
2014,2503
2014,2502
2014,2501
2014,2500
2498,2499
2014,2498
2014,2497
2495,2496
2014,2495
2493,2494
2014,2493
2014,2492
2014,2491
2014,2490
2014,2489
2014,2488
2486,2487
2014,2486
2014,2485
2483,2484
2014,2483
2014,2016
2014,2482
2481,2393
2014,2481
2014,2480
2479,2439
2014,2479
2014,2478
2476,2477
2014,2476
2014,2475
2014,2474
2472,2473
2014,2472
2014,2350
2014,2471
2014,2470
2014,2469
2014,2300
2467,2468
2014,2467
2014,2466
2014,2465
2014,2464
2014,2463
2014,2462
2014,2461
2459,2460
2014,2459
2014,2458
2014,2457
2014,2456
2014,2455
2014,2454
2014,2453
2451,2452
2014,2451
2014,2450
2014,2129
2014,2449
2448,2423
2014,2448
2014,2291
2447,2424
2014,2447
2014,2446
2014,2445
2014,2444
2014,2230
2014,2443
2014,2193
2441,2442
2014,2441
2014,2440
2438,2439
2014,2438
2014,2437
2435,2436
2014,2435
2014,2434
2432,2433
2014,2432
2430,2431
2014,2430
2014,2372
2014,2410
2014,2198
2428,2429
2014,2428
2427,2106
2014,2427
2425,2426
2014,2425
2014,2424
2422,2423
2014,2422
2014,2421
2014,2420
2419,2030
2014,2419
2418,2346
2014,2418
2014,2334
2014,2417
2415,2416
2014,2415
2014,2414
2014,2413
2411,2412
2014,2411
2409,2410
2014,2409
2014,2030
2014,2408
2406,2407
2014,2406
2404,2405
2014,2404
2402,2403
2014,2402
2400,2401
2014,2400
2014,2399
2014,2398
2396,2397
2014,2396
2394,2395
2014,2394
2014,2393
2014,2392
2014,2391
2390,2374
2014,2390
2014,2389
2014,2388
2014,2387
2385,2386
2014,2385
2014,2384
2382,2383
2014,2382
2380,2381
2014,2380
2379,2235
2014,2379
2377,2378
2014,2377
2014,2376
2014,2375
2014,2374
2373,2301
2014,2373
2371,2372
2014,2371
2370,2365
2014,2370
2014,2369
2014,2368
2014,2289
2014,2367
2014,2366
2364,2365
2014,2364
2014,2363
2014,2362
2360,2361
2014,2360
2014,2359
2357,2358
2014,2357
2014,2356
2014,2355
2353,2354
2014,2353
2351,2352
2014,2351
2014,2331
2349,2350
2014,2349
2347,2348
2014,2347
2014,2346
2345,2058
2014,2345
2014,2344
2343,2300
2014,2343
2341,2342
2014,2341
2014,2340
2014,2339
2337,2338
2014,2337
2014,2336
2014,2335
2333,2334
2014,2333
2014,2332
2330,2331
2014,2330
2328,2329
2014,2328
2014,2327
2014,2326
2324,2325
2014,2324
2014,2323
2014,2147
2322,2231
2014,2322
2320,2321
2014,2320
2014,2319
2014,2318
2014,2317
2014,2316
2014,2315
2014,2314
2014,2313
2311,2312
2014,2311
2310,2060
2014,2310
2308,2309
2014,2308
2014,2307
2305,2306
2014,2305
2303,2304
2014,2303
2014,2302
2014,2301
2299,2300
2014,2299
2014,2287
2298,2119
2014,2298
2296,2297
2014,2296
2014,2295
2014,2294
2014,2169
2292,2293
2014,2292
2290,2291
2014,2290
2288,2289
2014,2288
2286,2287
2014,2286
2284,2285
2014,2284
2014,2283
2282,2056
2014,2282
2014,2281
2014,2280
2014,2279
2014,2278
2014,2261
2277,2162
2014,2277
2275,2276
2014,2275
2273,2274
2014,2273
2271,2272
2014,2271
2014,2270
2014,2269
2014,2268
2014,2267
2266,2096
2014,2266
2014,2265
2264,2104
2014,2264
2262,2263
2014,2262
2260,2261
2014,2260
2258,2259
2014,2258
2014,2257
2014,2042
2014,2256
2014,2255
2014,2254
2014,2106
2014,2253
2014,2090
2014,2252
2014,2251
2014,2250
2014,2249
2014,2087
2014,2248
2246,2247
2014,2246
2014,2245
2244,2091
2014,2244
2243,2073
2014,2243
2241,2242
2014,2241
2014,2240
2014,2239
2237,2238
2014,2237
2014,2236
2234,2235
2014,2234
2014,2233
2014,2232
2014,2114
2014,2231
2229,2230
2014,2229
2014,2228
2014,2227
2014,2226
2014,2225
2014,2224
2014,2223
2014,2222
2014,2221
2014,2166
2014,2220
2014,2219
2217,2218
2014,2217
2014,2216
2214,2215
2014,2214
2212,2213
2014,2212
2014,2211
2014,2210
2014,2209
2014,2208
2014,2207
2205,2206
2014,2205
2014,2204
2014,2203
2014,2202
2200,2201
2014,2200
2014,2138
2014,2186
2014,2199
2197,2198
2014,2197
2014,2144
2195,2196
2014,2195
2014,2194
2192,2193
2014,2192
2014,2191
2189,2190
2014,2189
2014,2188
2014,2187
2185,2186
2014,2185
2014,2184
2014,2183
2014,2182
2180,2181
2014,2180
2014,2179
2014,2178
2014,2177
2014,2176
2174,2175
2014,2174
2172,2173
2014,2172
2014,2171
2170,2106
2014,2170
2168,2169
2014,2168
2167,2053
2014,2167
2165,2166
2014,2165
2163,2164
2014,2163
2161,2162
2014,2161
2014,2160
2158,2159
2014,2158
2014,2157
2014,2156
2014,2155
2153,2154
2014,2153
2151,2152
2014,2151
2149,2150
2014,2149
2148,2066
2014,2148
2146,2147
2014,2146
2014,2145
2143,2144
2014,2143
2014,2142
2140,2141
2014,2140
2014,2139
2137,2138
2014,2137
2014,2136
2014,2135
2014,2134
2014,2133
2014,2132
2131,2038
2014,2131
2014,2130
2128,2129
2014,2128
2126,2127
2014,2126
2014,2125
2123,2124
2014,2123
2121,2122
2014,2121
2014,2120
2118,2119
2014,2118
2014,2117
2014,2116
2014,2115
2113,2114
2014,2113
2112,2085
2014,2112
2110,2111
2014,2110
2014,2109
2014,2108
2014,2107
2105,2106
2014,2105
2014,2104
2014,2103
2014,2102
2100,2101
2014,2100
2014,2099
2097,2098
2014,2097
2014,2096
2094,2095
2014,2094
2092,2093
2014,2092
2014,2091
2089,2090
2014,2089
2014,2088
2086,2087
2014,2086
2084,2085
2014,2084
2082,2083
2014,2082
2080,2081
2014,2080
2014,2079
2014,2075
2077,2078
2014,2077
2014,2076
2074,2075
2014,2074
2072,2073
2014,2072
2070,2071
2014,2070
2014,2038
2068,2069
2014,2068
2014,2067
2014,2066
2014,2065
2014,2064
2062,2063
2014,2062
2014,2061
2059,2060
2014,2059
2014,2058
2014,2057
2014,2056
2054,2055
2014,2054
2014,2053
2014,2052
2014,2051
2014,2050
2048,2049
2014,2048
2046,2047
2014,2046
2014,2045
2014,2044
2014,2043
2041,2042
2014,2041
2039,2040
2014,2039
2037,2038
2014,2037
2014,2036
2034,2035
2014,2034
2014,2033
2031,2032
2014,2031
2029,2030
2014,2029
2014,2028
2014,2027
2025,2026
2014,2025
2023,2024
2014,2023
2021,2022
2014,2021
2014,2020
2018,2019
2014,2018
2014,2017
2015,2016
2014,2015
0,2014
2010,2013
2010,2012
2010,2011
0,2010
2008,2009
0,2008
2001,2007
2001,2006
2001,2005
2001,2004
2001,2003
2001,2002
0,2001
1560,2000
1999,1563
1560,1999
1560,1668
1560,1998
1996,1997
1560,1996
1560,1995
1993,1994
1560,1993
1560,1992
1560,1991
1990,1563
1560,1990
1560,1989
1560,1988
1987,1563
1560,1987
1560,1986
1984,1985
1560,1984
1560,1983
1560,1982
1981,1859
1560,1981
1560,1980
1560,1979
1560,1978
1560,1977
1976,1563
1560,1976
1560,1975
1560,1974
1560,1973
1560,1972
1971,1728
1560,1971
1560,1970
1560,1969
1968,1563
1560,1968
1560,1967
1560,1966
1560,1965
1560,1964
1560,1963
1560,1962
1560,1961
1560,1960
1560,1959
1560,1958
1956,1957
1560,1956
1560,1955
1560,1954
1560,1953
1560,1952
1560,1951
1560,1950
1560,1949
1560,1948
1560,1947
1946,1847
1560,1946
1560,1945
1944,1563
1560,1944
1943,1702
1560,1943
1942,1563
1560,1942
1560,1941
1560,1940
1939,1563
1560,1939
1560,1938
1560,1937
1560,1936
1935,1563
1560,1935
1934,1563
1560,1934
1560,1933
1560,1932
1560,1931
1929,1930
1560,1929
1927,1928
1560,1927
1560,1926
1560,1925
1560,1924
1560,1923
1922,1725
1560,1922
1560,1921
1560,1920
1560,1919
1560,1918
1917,1865
1560,1917
1560,1916
1560,1915
1560,1914
1560,1913
1560,1912
1560,1911
1560,1910
1908,1909
1560,1908
1560,1907
1560,1906
1560,1905
1560,1904
1560,1903
1560,1902
1560,649
1560,1901
1560,1900
1560,1899
1560,1898
1560,1897
1560,1896
1560,1895
1560,1894
1893,1563
1560,1893
1560,1892
1560,1891
1890,1563
1560,1890
1560,1579
1560,1889
1887,1888
1560,1887
1560,1886
1560,1885
1560,1884
1882,1883
1560,1882
1560,1881
1560,1880
1560,1879
1560,1878
1560,1877
1875,1876
1560,1875
1560,1874
1560,1873
1871,1872
1560,1871
1560,1870
1869,1563
1560,1869
1560,1868
1867,1563
1560,1867
1866,1563
1560,1866
1864,1865
1560,1864
1560,1863
1862,1563
1560,1862
1560,1861
1560,1860
1858,1859
1560,1858
1560,1857
1560,1856
1560,1752
1854,1855
1560,1854
1560,1853
1560,1852
1560,1851
1850,1563
1560,1850
1849,1725
1560,1849
1560,1848
1560,1847
1560,1846
1560,1845
1560,1844
1560,1843
1560,1842
1560,1841
1560,1840
1560,1839
1560,1838
1560,1837
1560,1836
1835,1563
1560,1835
1560,1834
1560,1833
1831,1832
1560,1831
1560,1830
1560,1635
1829,1563
1560,1829
1560,1828
1560,1827
1826,1563
1560,1826
1560,1825
1560,1824
1560,1823
1560,1822
1560,1821
1560,1820
1560,1819
1817,1818
1560,1817
1560,1816
1560,1815
1814,1616
1560,1814
1560,1813
1812,1563
1560,1812
1560,1811
1560,1810
1560,1809
1807,1808
1560,1807
1560,1806
1560,1805
1560,1804
1802,1803
1560,1802
1560,1801
1560,1800
1560,1799
1560,1798
1796,1797
1560,1796
1560,1795
1560,1794
1792,1793
1560,1792
1560,1791
1789,1790
1560,1789
1560,1788
1560,1787
1560,1786
1784,1785
1560,1784
1560,1783
1560,1782
1560,1781
1560,1780
1560,1779
1777,1778
1560,1777
1560,1776
1560,1775
1560,1774
1773,1616
1560,1773
1560,1772
1560,1771
1770,1563
1560,1770
1768,1769
1560,1768
1560,1767
1560,1766
1560,1765
1560,1702
1560,1764
1762,1763
1560,1762
1560,1761
1560,1760
1560,1759
1560,1758
1560,1757
1560,1756
1754,1755
1560,1754
1560,1753
1751,1752
1560,1751
1560,1750
1749,1668
1560,1749
1748,1563
1560,1748
1560,1747
1745,1746
1560,1745
1744,1563
1560,1744
1560,1563
1560,1743
1742,1616
1560,1742
1560,1741
1740,1563
1560,1740
1560,1739
1560,1738
1737,1563
1560,1737
1560,1736
1560,1687
1560,1735
1560,1734
1733,1563
1560,1733
1560,1732
1731,1563
1560,1731
1730,1563
1560,1730
1560,1729
1560,1728
1560,1727
1726,1563
1560,1726
1560,1725
1560,1724
1560,1723
1722,1563
1560,1722
1560,1721
1560,1720
1718,1719
1560,1718
1560,1717
1560,1716
1715,1563
1560,1715
1560,1714
1560,1713
1560,1712
1560,1711
1709,1710
1560,1709
1560,1708
1560,1707
1560,1706
1560,1705
1703,1704
1560,1703
1701,1702
1560,1701
1700,1563
1560,1700
1560,1699
1697,1698
1560,1697
1560,1696
1560,1695
1560,1694
1560,1693
1692,1563
1560,1692
1560,1691
1560,1690
1560,1689
1560,1688
1686,1687
1560,1686
1560,1685
1560,1684
1560,1683
1560,1682
1560,1681
1560,1680
1679,649
1560,1679
1560,1678
1677,1668
1560,1677
1560,1676
1560,1675
1560,1674
1560,1673
1560,1672
1560,1671
1560,1670
1560,1669
1667,1668
1560,1667
1560,1666
1560,1665
1560,1664
1560,1663
1661,1662
1560,1661
1560,1660
1560,1659
1560,1658
1560,1657
1560,1656
1560,1655
1560,1654
1653,1563
1560,1653
1560,1652
1650,1651
1560,1650
1560,1649
1560,1648
1560,1647
1560,1646
1560,1645
1560,1644
1560,1643
1642,1563
1560,1642
1560,1641
1639,1640
1560,1639
1560,1638
1560,1637
1560,1636
1634,1635
1560,1634
1560,1633
1560,1632
1560,1631
1560,1630
1560,1629
1560,1628
1560,1627
1625,1626
1560,1625
1560,1624
1622,1623
1560,1622
1620,1621
1560,1620
1560,1619
1617,1618
1560,1617
1615,1616
1560,1615
1614,1563
1560,1614
1613,1563
1560,1613
1560,1612
1610,1611
1560,1610
1560,1609
1560,1608
1560,1607
1605,1606
1560,1605
1560,1604
1560,1603
1560,1602
1600,1601
1560,1600
1560,1599
1560,1598
1560,1597
1560,1596
1560,1595
1560,1594
1560,1593
1560,1592
1560,1591
1589,1590
1560,1589
1560,1588
1560,1587
1586,1563
1560,1586
1560,1585
1560,1584
1560,1583
1560,1582
1580,1581
1560,1580
1578,1579
1560,1578
1560,1577
1560,1576
1560,1575
1560,1574
1560,1573
1571,1572
1560,1571
1560,1570
1560,1569
1560,1568
1560,1567
1560,1566
1565,1563
1560,1565
1560,1564
1562,1563
1560,1562
1560,1561
0,1560
1553,1559
1553,1558
1553,1557
1553,1556
1553,1555
1553,1554
0,1553
208,1552
208,1551
208,922
1550,302
208,1550
1549,968
208,1549
208,1455
208,375
1548,395
208,1548
208,957
1547,976
208,1547
208,1546
1545,421
208,1545
208,1544
1543,476
208,1543
208,867
1542,963
208,1542
208,1541
208,1540
208,1539
1538,518
208,1538
1537,715
208,1537
208,522
208,1536
1535,927
208,1535
1534,544
208,1534
208,936
208,1533
208,1033
1532,693
208,1532
208,1531
1530,837
208,1530
208,1075
1529,947
208,1529
208,1528
208,1527
1526,484
208,1526
1525,1455
208,1525
1524,1436
208,1524
1523,1206
208,1523
1522,570
208,1522
208,1015
1521,425
208,1521
208,637
208,254
208,1520
1518,1519
208,1518
208,548
1517,423
208,1517
1516,974
208,1516
1515,871
208,1515
1513,1514
208,1513
208,1009
1512,354
208,1512
208,1511
208,1340
1510,973
208,1510
208,1509
208,1508
1507,748
208,1507
1506,1078
208,1506
208,1505
208,1504
1503,246
208,1503
208,239
1502,871
208,1502
208,1092
1501,464
208,1501
208,1446
208,1109
208,1500
1499,795
208,1499
208,971
208,1498
1497,1009
208,1497
1496,369
208,1496
1495,1107
208,1495
208,1494
208,1493
1492,365
208,1492
1491,1033
208,1491
208,1490
208,1489
1488,1336
208,1488
208,1278
208,1361
1487,799
208,1487
208,1486
208,717
1485,1041
208,1485
208,1484
1483,1459
208,1483
208,1482
1481,455
208,1481
208,720
208,283
1480,813
208,1480
1479,653
208,1479
208,1384
1478,1386
208,1478
1477,1080
208,1477
208,1476
208,1475
208,795
1474,1274
208,1474
208,1152
208,824
208,779
1473,1219
208,1473
208,1472
1471,375
208,1471
1470,476
208,1470
1468,1469
208,1468
208,1467
208,1466
208,1465
1464,419
208,1464
208,1463
208,1462
208,903
208,360
1461,568
208,1461
208,1460
208,1459
208,781
208,723
208,1002
1457,1458
208,1457
208,1180
208,1456
1454,1455
208,1454
1453,1364
208,1453
208,1452
1451,1278
208,1451
208,1450
208,1449
1448,1045
208,1448
1447,491
208,1447
1445,1446
208,1445
1443,1444
208,1443
208,1257
208,1442
1441,1006
208,1441
208,942
1440,310
208,1440
208,1331
1439,1059
208,1439
1438,326
208,1438
208,1328
208,1437
208,1300
208,1436
208,1435
1434,693
208,1434
208,715
208,1433
1432,354
208,1432
1431,946
208,1431
1430,1260
208,1430
208,1429
208,1428
208,1427
208,1426
208,1132
1425,1064
208,1425
208,1424
208,1423
1422,913
208,1422
208,1421
1420,352
208,1420
208,318
208,1160
208,1392
208,1419
208,1276
208,890
208,412
208,462
208,357
208,1418
1416,1417
208,1416
1415,924
208,1415
1414,413
208,1414
208,1413
1412,1300
208,1412
1411,640
208,1411
1410,920
208,1410
208,1167
208,1297
208,856
208,1364
208,1211
208,1409
208,1004
208,1349
1408,1290
208,1408
1407,1390
208,1407
1406,447
208,1406
208,1237
208,1395
208,989
208,1405
1404,1252
208,1404
208,973
208,1403
208,1402
1401,1167
208,1401
208,803
208,1400
208,1399
1398,995
208,1398
1397,211
208,1397
208,1396
1394,1395
208,1394
208,1116
208,1294
208,1393
1391,1392
208,1391
208,1390
1389,1084
208,1389
208,1285
208,1388
1387,1103
208,1387
208,1386
1385,577
208,1385
1383,1384
208,1383
208,917
1382,1037
208,1382
208,334
1381,816
208,1381
1380,512
208,1380
208,472
208,1379
208,1378
1377,1021
208,1377
208,1376
208,1375
208,1280
1374,1368
208,1374
208,1373
208,1372
208,756
1371,911
208,1371
1370,532
208,1370
1369,1185
208,1369
208,1084
208,1368
1367,416
208,1367
1366,668
208,1366
208,849
1365,879
208,1365
208,232
1363,1364
208,1363
208,847
1362,836
208,1362
208,748
1360,1361
208,1360
1359,798
208,1359
1358,390
208,1358
1357,615
208,1357
1356,957
208,1356
208,1355
1354,784
208,1354
208,1353
208,1352
208,1351
1350,483
208,1350
1348,1349
208,1348
208,777
208,1347
208,518
208,1346
208,1345
208,661
208,910
1344,495
208,1344
208,1206
1343,1218
208,1343
208,1342
1341,392
208,1341
1339,1340
208,1339
208,1338
208,1248
1337,727
208,1337
208,1336
1335,801
208,1335
1334,344
208,1334
1333,245
208,1333
208,1332
1330,1331
208,1330
208,1329
208,1252
1327,1328
208,1327
208,559
1326,1176
208,1326
1324,1325
208,1324
208,542
208,1082
208,1323
208,1322
1320,1321
208,1320
208,563
208,1319
1318,457
208,1318
208,1317
1316,1047
208,1316
1315,158
208,1315
1314,1195
208,1314
208,1313
208,1312
208,1311
208,607
208,409
208,1310
208,1309
1308,618
208,1308
1307,1134
208,1307
1306,427
208,1306
1305,329
208,1305
208,1304
208,1303
1302,996
208,1302
1301,651
208,1301
1299,1300
208,1299
208,739
208,1298
208,556
208,573
1296,1297
208,1296
208,474
208,1295
1293,1294
208,1293
1292,976
208,1292
208,1291
208,1290
208,1289
1288,443
208,1288
1287,376
208,1287
208,1068
1286,478
208,1286
1284,1285
208,1284
1283,520
208,1283
208,611
1282,382
208,1282
208,1281
1279,1280
208,1279
1277,1278
208,1277
1275,1276
208,1275
208,276
1273,1274
208,1273
1272,435
208,1272
1271,523
208,1271
208,1270
1269,308
208,1269
1268,649
208,1268
208,493
208,1267
1266,501
208,1266
208,1265
208,1264
208,871
1263,1262
208,1263
208,1262
208,896
1261,737
208,1261
208,313
208,1260
1259,628
208,1259
208,508
1258,497
208,1258
1256,1257
208,1256
1255,849
208,1255
208,503
208,1254
1253,454
208,1253
208,620
208,926
1251,1252
208,1251
1250,626
208,1250
208,1249
1247,1248
208,1247
208,1246
208,1245
208,1244
208,1243
1242,506
208,1242
208,1241
208,1240
1239,1055
208,1239
1238,1192
208,1238
1236,1237
208,1236
208,594
1235,782
208,1235
1234,949
208,1234
1233,336
208,1233
208,685
208,329
1231,1232
208,1231
208,893
208,1224
1230,947
208,1230
208,1229
208,1228
208,1227
208,229
208,609
208,1226
1225,557
208,1225
208,625
1223,1224
208,1223
208,1172
1222,540
208,1222
208,1221
208,1220
208,1219
208,1218
1217,1178
208,1217
1216,1195
208,1216
208,267
208,1215
208,1214
208,1213
208,1212
1210,1211
208,1210
208,1209
208,1208
208,1207
1205,1206
208,1205
1204,853
208,1204
208,1203
208,1202
208,1201
208,1200
208,1199
1198,675
208,1198
208,1197
208,712
208,1196
208,1195
208,1194
208,1193
208,1192
1191,911
208,1191
1190,1087
208,1190
208,1062
1189,987
208,1189
208,352
1188,862
208,1188
208,700
208,1089
1187,959
208,1187
208,1186
208,643
208,598
1184,1185
208,1184
208,1183
208,1182
1181,616
208,1181
1179,1180
208,1179
208,1178
1177,456
208,1177
208,1176
208,1175
208,1174
1173,852
208,1173
1171,1172
208,1171
208,978
208,1170
1169,824
208,1169
208,1168
1166,1167
208,1166
1165,869
208,1165
208,305
208,898
1164,469
208,1164
1163,693
208,1163
1162,585
208,1162
208,1161
1159,1160
208,1159
208,546
1158,937
208,1158
208,1027
208,1157
208,1156
1155,659
208,1155
208,1154
1153,885
208,1153
1151,1152
208,1151
208,583
208,1043
208,1150
208,1149
208,1148
208,1147
1146,815
208,1146
208,1145
208,258
208,1144
208,1143
1141,1142
208,1141
208,1140
208,445
1139,793
208,1139
1138,1099
208,1138
208,1137
208,1136
208,1135
208,760
208,1134
1133,842
208,1133
208,272
1131,1132
208,1131
208,1130
1128,1129
208,1128
1127,287
208,1127
1126,617
208,1126
208,1125
208,1124
208,431
208,1123
208,1122
208,1121
208,1120
208,1119
208,1118
1117,936
208,1117
1115,1116
208,1115
1114,862
208,1114
1113,788
208,1113
208,1112
1111,477
208,1111
208,1110
1108,1109
208,1108
208,1107
208,483
208,1106
1104,1105
208,1104
208,1103
208,1102
1101,713
208,1101
1100,405
208,1100
208,811
208,1099
1098,650
208,1098
208,1097
208,1096
1095,665
208,1095
1094,270
208,1094
208,1093
1091,1092
208,1091
208,1090
1088,1089
208,1088
208,1087
208,1086
208,1085
1083,1084
208,1083
1081,1082
208,1081
208,1080
208,634
1079,383
208,1079
208,289
208,1078
1077,800
208,1077
1076,777
208,1076
1074,1075
208,1074
208,1073
1072,239
208,1072
208,1071
208,1070
1069,893
208,1069
208,404
1067,1068
208,1067
208,350
1066,225
208,1066
1065,793
208,1065
208,1064
208,316
208,1063
208,425
1061,1062
208,1061
208,1060
208,861
208,1059
208,1058
208,1057
208,984
208,1056
1054,1055
208,1054
208,395
1053,466
208,1053
208,1052
208,1051
208,1050
1048,1049
208,1048
208,362
208,952
208,1047
1046,386
208,1046
208,1045
208,400
208,1044
1042,1043
208,1042
208,1041
208,580
1040,878
208,1040
1039,734
208,1039
208,1038
208,1037
208,1036
208,1035
208,731
208,1034
1032,1033
208,1032
208,1031
208,1017
1030,853
208,1030
1029,409
208,1029
208,1028
1026,1027
208,1026
1025,362
208,1025
1024,358
208,1024
208,1023
208,1022
208,1021
1019,1020
208,1019
208,1018
1016,1017
208,1016
1014,1015
208,1014
1013,263
208,1013
1012,210
208,1012
208,348
1011,392
208,1011
208,1010
1008,1009
208,1008
208,628
1007,605
208,1007
208,1006
208,965
208,1005
1003,1004
208,1003
1001,1002
208,1001
1000,797
208,1000
208,539
999,285
208,999
998,520
208,998
208,997
208,996
208,995
208,994
993,758
208,993
992,676
208,992
991,651
208,991
208,990
988,989
208,988
208,987
208,986
208,788
208,218
985,406
208,985
208,766
983,984
208,983
208,982
981,580
208,981
208,980
208,979
977,978
208,977
208,976
208,975
208,974
972,973
208,972
208,829
970,971
208,970
969,303
208,969
208,968
208,967
208,966
964,965
208,964
208,963
208,962
961,649
208,961
960,559
208,960
208,959
208,958
956,957
208,956
208,955
954,661
208,954
208,646
953,756
208,953
951,952
208,951
208,950
208,949
208,878
208,948
208,947
208,946
945,853
208,945
208,944
208,943
941,942
208,941
208,940
939,578
208,939
938,534
208,938
208,937
935,936
208,935
934,589
208,934
933,581
208,933
932,696
208,932
208,931
930,419
208,930
929,283
208,929
208,534
928,875
208,928
208,927
925,926
208,925
208,924
208,923
921,922
208,921
208,291
208,920
919,484
208,919
208,321
208,918
916,917
208,916
208,915
208,914
208,842
208,913
208,912
208,911
909,910
208,909
908,255
208,908
907,358
208,907
208,906
208,905
208,904
902,903
208,902
901,252
208,901
208,221
208,900
899,800
208,899
897,898
208,897
895,896
208,895
208,894
892,893
208,892
891,554
208,891
889,890
208,889
208,888
887,620
208,887
208,886
208,885
208,884
208,341
883,277
208,883
208,882
881,470
208,881
880,324
208,880
208,879
877,878
208,877
208,876
208,875
874,743
208,874
873,436
208,873
872,779
208,872
870,871
208,870
208,869
868,662
208,868
866,867
208,866
865,472
208,865
864,269
208,864
208,695
863,781
208,863
208,862
860,861
208,860
859,372
208,859
858,436
208,858
208,857
855,856
208,855
854,613
208,854
208,853
208,640
208,852
851,510
208,851
208,850
848,849
208,848
208,762
846,847
208,846
845,626
208,845
208,844
843,218
208,843
841,842
208,841
208,840
208,839
208,838
208,837
208,836
834,835
208,834
833,749
208,833
208,261
832,763
208,832
830,831
208,830
828,829
208,828
827,321
208,827
826,646
208,826
825,332
208,825
823,824
208,823
208,390
208,822
208,821
819,820
208,819
818,618
208,818
208,817
208,816
208,815
208,814
208,813
208,812
810,811
208,810
809,402
208,809
208,743
807,808
208,807
208,806
805,373
208,805
804,363
208,804
802,803
208,802
208,801
208,800
208,793
208,799
208,798
208,797
208,526
796,524
208,796
208,295
208,243
794,795
208,794
792,793
208,792
208,791
208,725
208,575
208,790
208,372
208,789
787,788
208,787
208,786
785,221
208,785
208,784
783,678
208,783
208,782
780,781
208,780
208,702
778,779
208,778
776,777
208,776
775,713
208,775
208,774
208,773
772,244
208,772
208,421
208,771
208,279
208,249
770,267
208,770
769,375
208,769
208,449
208,768
767,326
208,767
765,766
208,765
208,553
208,274
208,764
208,763
761,762
208,761
759,760
208,759
208,758
208,757
755,756
208,755
208,754
208,672
208,753
208,263
208,752
208,751
750,332
208,750
208,749
747,748
208,747
208,746
208,745
208,744
208,443
742,743
208,742
208,741
208,740
738,739
208,738
208,737
208,667
736,537
208,736
208,735
208,418
208,734
208,600
733,460
208,733
208,732
730,731
208,730
729,311
208,729
728,662
208,728
208,727
208,726
724,725
208,724
722,723
208,722
208,460
721,327
208,721
719,720
208,719
208,718
716,717
208,716
714,715
208,714
208,713
711,712
208,711
709,710
208,709
708,590
208,708
208,707
208,706
704,705
208,704
208,703
701,702
208,701
699,700
208,699
208,698
208,697
208,696
208,453
694,695
208,694
208,693
691,692
208,691
208,210
208,690
208,689
688,643
208,688
208,687
208,686
684,685
208,684
208,544
208,683
208,682
208,681
208,680
208,497
208,679
208,678
208,677
208,676
208,675
208,674
208,673
671,672
208,671
670,584
208,670
208,669
208,668
666,667
208,666
208,665
208,664
208,663
208,662
660,661
208,660
208,659
208,658
208,323
208,657
656,625
208,656
208,491
655,537
208,655
654,626
208,654
208,653
208,652
208,434
208,651
208,650
648,649
208,648
208,647
645,646
208,645
208,577
208,644
642,643
208,642
208,641
639,640
208,639
638,578
208,638
636,637
208,636
635,438
208,635
208,568
208,615
633,634
208,633
208,632
208,631
208,630
629,369
208,629
627,628
208,627
208,626
624,625
208,624
623,540
208,623
208,622
208,621
619,620
208,619
208,618
208,617
208,616
614,615
208,614
208,613
208,612
610,611
208,610
608,609
208,608
606,607
208,606
604,605
208,604
208,603
601,602
208,601
599,600
208,599
597,598
208,597
208,596
208,595
593,594
208,593
591,592
208,591
208,590
208,589
588,570
208,588
208,587
208,586
208,585
208,584
582,583
208,582
208,581
579,580
208,579
208,578
576,577
208,576
574,575
208,574
572,573
208,572
208,571
208,386
208,570
569,500
208,569
567,568
208,567
566,556
208,566
208,565
208,564
562,563
208,562
208,489
208,561
208,560
558,559
208,558
208,557
555,556
208,555
208,554
552,553
208,552
208,551
208,550
208,549
547,548
208,547
545,546
208,545
208,528
543,544
208,543
541,542
208,541
208,540
538,539
208,538
208,537
536,246
208,536
535,497
208,535
533,534
208,533
208,532
208,531
208,530
208,529
527,528
208,527
525,526
208,525
208,524
208,523
521,522
208,521
208,520
208,346
519,435
208,519
517,518
208,517
208,516
208,515
208,514
208,513
208,512
208,511
509,510
208,509
507,508
208,507
505,506
208,505
208,504
502,503
208,502
208,501
208,500
498,499
208,498
496,497
208,496
208,486
208,495
208,494
208,367
492,493
208,492
490,491
208,490
488,489
208,488
208,487
485,486
208,485
208,484
482,483
208,482
208,481
480,240
208,480
208,479
208,478
208,477
208,476
475,360
208,475
473,474
208,473
471,472
208,471
208,470
208,469
208,468
208,467
208,466
208,465
208,464
463,301
208,463
461,462
208,461
459,460
208,459
208,251
208,458
208,369
208,457
208,456
208,455
208,454
452,453
208,452
208,451
208,285
208,450
448,449
208,448
208,447
446,287
208,446
444,445
208,444
442,443
208,442
440,441
208,440
439,373
208,439
208,438
208,437
208,293
208,436
208,308
208,435
433,434
208,433
208,432
430,431
208,430
208,429
208,428
208,427
208,426
424,425
208,424
208,423
208,422
420,421
208,420
208,419
417,418
208,417
208,416
208,415
208,414
208,413
411,412
208,411
208,410
408,409
208,408
208,407
208,406
208,405
403,404
208,403
208,402
208,388
208,401
399,400
208,399
208,236
208,344
397,398
208,397
208,396
394,395
208,394
208,393
208,392
208,391
389,390
208,389
387,388
208,387
385,386
208,385
208,384
208,383
208,382
208,381
208,380
208,379
208,378
208,377
208,376
374,375
208,374
208,373
371,372
208,371
208,370
368,369
208,368
366,367
208,366
208,365
208,224
364,237
208,364
208,363
361,362
208,361
359,360
208,359
208,358
356,357
208,356
208,355
208,354
208,353
351,352
208,351
349,350
208,349
347,348
208,347
345,346
208,345
343,344
208,343
208,342
340,341
208,340
208,339
208,338
208,337
208,336
208,335
333,334
208,333
208,332
208,331
208,330
328,329
208,328
208,327
208,326
325,264
208,325
208,324
322,323
208,322
320,321
208,320
208,319
317,318
208,317
315,316
208,315
208,314
312,313
208,312
208,311
208,310
208,309
307,308
208,307
306,279
208,306
304,305
208,304
208,303
208,302
208,301
208,300
208,299
208,298
208,297
208,296
294,295
208,294
292,293
208,292
290,291
208,290
288,289
208,288
208,287
208,286
284,285
208,284
282,283
208,282
281,14
208,281
208,280
278,279
208,278
208,277
275,276
208,275
273,274
208,273
208,269
271,272
208,271
208,270
268,269
208,268
266,267
208,266
208,265
208,264
262,263
208,262
260,261
208,260
259,258
208,259
257,258
208,257
208,256
208,255
253,254
208,253
208,252
250,251
208,250
248,249
208,248
208,247
208,246
208,245
208,244
242,243
208,242
208,241
208,240
238,239
208,238
208,237
235,236
208,235
208,234
208,233
231,232
208,231
208,230
228,229
208,228
208,227
208,226
208,225
223,224
208,223
208,222
220,221
208,220
208,219
217,218
208,217
208,216
214,215
208,214
212,213
208,212
208,211
209,210
208,209
0,208
196,207
196,206
196,205
196,204
196,203
196,202
196,201
196,200
196,199
196,198
196,197
0,196
5,195
5,194
5,193
5,192
5,191
5,190
5,189
5,188
5,187
5,186
5,185
5,184
5,183
5,182
5,181
5,180
5,179
5,178
5,177
5,176
5,175
5,174
5,173
5,172
5,171
5,170
5,169
5,168
5,167
5,166
5,165
5,164
5,163
5,162
5,161
5,160
5,159
5,158
5,157
5,156
5,155
5,154
5,153
5,152
5,151
5,150
5,149
5,148
5,147
5,146
5,145
5,144
5,143
5,142
5,141
5,140
5,139
5,138
5,137
5,136
5,135
5,134
5,133
5,132
130,131
5,130
5,129
5,128
5,127
5,126
5,125
5,124
5,123
5,122
5,121
5,120
5,119
5,118
5,117
5,116
5,115
5,114
5,113
5,112
5,111
5,110
5,109
5,108
5,107
5,106
5,105
5,104
5,103
5,102
5,101
5,100
5,99
5,98
5,97
5,96
5,95
5,94
5,93
5,92
5,91
5,90
5,89
5,88
5,87
5,86
5,85
5,84
5,83
5,82
5,81
5,80
5,79
5,78
5,77
5,76
5,75
5,74
5,73
5,72
5,71
5,70
5,69
5,68
5,67
5,66
5,65
5,64
5,63
5,62
5,61
5,60
5,59
5,58
5,57
5,56
54,55
5,54
5,53
5,52
5,51
5,50
5,49
5,48
5,47
5,46
5,45
5,44
5,43
5,42
5,41
5,40
5,39
5,38
5,37
5,36
5,35
5,34
5,33
5,32
5,31
5,30
5,29
5,28
5,27
5,26
5,25
5,24
5,23
5,22
5,21
5,20
5,19
5,18
5,17
5,16
5,15
5,14
5,13
5,12
5,11
5,10
5,9
5,8
5,7
5,6
0,5
0,4
2,3
0,2
0,1
