1 ,2.25e-06,1.875e-06,7.125e-06
2 ,2.375e-06,2.75e-06,7.75e-06
3 ,2.75e-06,2.625e-06,8.625e-06
4 ,2.875e-06,3e-06,7.875e-06
5 ,3e-06,3.125e-06,8.5e-06
6 ,2.75e-06,3.25e-06,8.625e-06
7 ,3.25e-06,3.625e-06,8e-06
8 ,3.25e-06,3.375e-06,8.125e-06
9 ,3.25e-06,3.375e-06,8.5e-06
10 ,3.5e-06,4e-06,8.5e-06
11 ,3.625e-06,4e-06,8.5e-06
12 ,4e-06,4.375e-06,9.125e-06
13 ,4.25e-06,4.25e-06,9.25e-06
14 ,4e-06,4.75e-06,8.875e-06
15 ,4.25e-06,4.75e-06,9.5e-06
16 ,4.25e-06,5e-06,9.375e-06
17 ,4.625e-06,5.125e-06,1.0625e-05
18 ,4.625e-06,5.5e-06,8.875e-06
19 ,5e-06,5.75e-06,9.625e-06
20 ,5.375e-06,5.75e-06,1.05e-05
21 ,5.75e-06,6.125e-06,1.1e-05
22 ,5.875e-06,6.5e-06,1.0375e-05
23 ,5.875e-06,6.75e-06,1.1e-05
24 ,6.125e-06,7.125e-06,1.1125e-05
25 ,6.625e-06,7.375e-06,1.2e-05
26 ,7e-06,7.375e-06,1.15e-05
27 ,7e-06,7.75e-06,1.1375e-05
28 ,7.5e-06,8e-06,1.2125e-05
29 ,7.75e-06,8.25e-06,1.1875e-05
30 ,7.75e-06,8e-06,1.25e-05
31 ,8.25e-06,8.75e-06,1.225e-05
32 ,8.5e-06,8.75e-06,1.25e-05
33 ,9e-06,9.375e-06,1.2625e-05
34 ,9.625e-06,9.25e-06,1.275e-05
35 ,1.0125e-05,9.625e-06,1.3375e-05
36 ,1.0375e-05,1e-05,1.4e-05
37 ,1.1e-05,1.025e-05,1.325e-05
38 ,1.1125e-05,1.0875e-05,1.4375e-05
39 ,1.2e-05,1.0375e-05,1.375e-05
40 ,1.1875e-05,1.0875e-05,1.4375e-05
41 ,1.25e-05,1.15e-05,1.475e-05
42 ,1.2125e-05,1.1625e-05,1.4875e-05
43 ,1.3375e-05,1.2e-05,1.4625e-05
44 ,1.4e-05,1.2625e-05,1.5e-05
45 ,1.425e-05,1.225e-05,1.5875e-05
46 ,1.45e-05,1.2625e-05,1.55e-05
47 ,1.525e-05,1.325e-05,1.5375e-05
48 ,1.55e-05,1.35e-05,1.6125e-05
49 ,1.625e-05,1.35e-05,1.5625e-05
50 ,1.65e-05,1.35e-05,1.6625e-05
51 ,1.725e-05,1.4375e-05,1.675e-05
52 ,1.8e-05,1.5e-05,1.7e-05
53 ,1.8375e-05,1.5e-05,1.7375e-05
54 ,1.9625e-05,1.475e-05,1.675e-05
55 ,2.025e-05,1.4875e-05,1.8e-05
56 ,1.9375e-05,1.5625e-05,1.775e-05
57 ,2.1e-05,1.55e-05,1.875e-05
58 ,2.2375e-05,1.5375e-05,1.775e-05
59 ,2.15e-05,1.5625e-05,1.7625e-05
60 ,2.375e-05,1.7e-05,1.7875e-05
61 ,2.325e-05,1.65e-05,1.9125e-05
62 ,2.4875e-05,1.7375e-05,1.8625e-05
63 ,2.5e-05,1.8125e-05,1.9e-05
64 ,2.6625e-05,1.7625e-05,2.0375e-05
65 ,2.6e-05,1.8125e-05,1.975e-05
66 ,2.65e-05,1.95e-05,2e-05
67 ,2.725e-05,1.875e-05,2.0375e-05
68 ,2.75e-05,1.9125e-05,2.0875e-05
69 ,2.8e-05,2e-05,2.2375e-05
70 ,2.9125e-05,1.9625e-05,1.9875e-05
71 ,3.025e-05,1.9875e-05,2.45e-05
72 ,3.175e-05,2.0875e-05,2.0625e-05
73 ,3.0875e-05,2.0375e-05,2.15e-05
74 ,3.4125e-05,2.1375e-05,2.2375e-05
75 ,3.25e-05,2.1625e-05,2.3e-05
76 ,3.4625e-05,2.1375e-05,2.35e-05
77 ,3.5125e-05,2.3125e-05,2.275e-05
78 ,3.7e-05,2.2125e-05,2.2875e-05
79 ,3.6875e-05,2.375e-05,2.3375e-05
80 ,3.7625e-05,2.325e-05,2.4375e-05
81 ,3.8875e-05,2.325e-05,2.3875e-05
82 ,3.8875e-05,2.3125e-05,2.3125e-05
83 ,4.0875e-05,2.5125e-05,2.575e-05
84 ,4.1e-05,2.3375e-05,2.4625e-05
85 ,4.1125e-05,2.45e-05,2.475e-05
86 ,4.4125e-05,2.5125e-05,2.5125e-05
87 ,4.45e-05,2.675e-05,2.4125e-05
88 ,4.175e-05,2.575e-05,2.625e-05
89 ,4.675e-05,2.575e-05,2.6875e-05
90 ,4.55e-05,2.6625e-05,2.6875e-05
91 ,4.6375e-05,2.65e-05,2.6625e-05
92 ,4.875e-05,2.6875e-05,2.6e-05
93 ,4.925e-05,2.75e-05,2.775e-05
94 ,5.1e-05,2.7e-05,2.7375e-05
95 ,5.0125e-05,2.875e-05,2.8e-05
96 ,5e-05,2.8125e-05,2.9e-05
97 ,5.425e-05,2.925e-05,2.85e-05
98 ,5.2875e-05,2.75e-05,2.8e-05
99 ,5.2875e-05,3.0125e-05,2.9375e-05
100 ,5.875e-05,3.0625e-05,2.9125e-05
101 ,5.5625e-05,3.0625e-05,2.9125e-05
102 ,5.8625e-05,2.95e-05,2.8625e-05
103 ,5.625e-05,3e-05,2.85e-05
104 ,6.3e-05,3.0125e-05,3.0625e-05
105 ,6.05e-05,3.1e-05,3.075e-05
106 ,6.4875e-05,3.1125e-05,3.2125e-05
107 ,6.2e-05,3.4625e-05,3.225e-05
108 ,6.7875e-05,3.1875e-05,3.0625e-05
109 ,6.8125e-05,3.2125e-05,3.0125e-05
110 ,6.9375e-05,3.425e-05,3.1875e-05
111 ,6.85e-05,3.45e-05,3.375e-05
112 ,6.8125e-05,3.475e-05,3.125e-05
113 ,6.725e-05,3.2875e-05,3.275e-05
114 ,7.475e-05,3.6125e-05,3.325e-05
115 ,7.5875e-05,3.5875e-05,3.1375e-05
116 ,7.3375e-05,3.6875e-05,3.2375e-05
117 ,7.85e-05,3.475e-05,3.375e-05
118 ,8.025e-05,3.6875e-05,3.475e-05
119 ,7.95e-05,3.5625e-05,3.4375e-05
120 ,8.2625e-05,3.65e-05,3.525e-05
121 ,8.075e-05,3.5625e-05,3.55e-05
122 ,7.95e-05,3.6e-05,3.475e-05
123 ,8.6875e-05,3.575e-05,3.65e-05
124 ,8.425e-05,3.9875e-05,3.4625e-05
125 ,8.2e-05,3.6625e-05,3.7125e-05
126 ,8.4125e-05,3.9e-05,3.675e-05
127 ,8.7625e-05,3.7375e-05,3.5375e-05
128 ,8.6e-05,3.775e-05,3.85e-05
129 ,9.1125e-05,4.225e-05,3.7125e-05
130 ,8.9e-05,4.175e-05,3.975e-05
131 ,9.2875e-05,4.1625e-05,3.85e-05
132 ,8.9375e-05,4.2375e-05,3.8e-05
133 ,9.5375e-05,4.35e-05,3.75e-05
134 ,9.575e-05,4.4e-05,3.8e-05
135 ,0.000102375,4.15e-05,3.9375e-05
136 ,9.7875e-05,4.4875e-05,4.0375e-05
137 ,0.000104,4.2625e-05,3.8625e-05
138 ,0.000104125,4.1375e-05,3.8e-05
139 ,0.00011,4.325e-05,3.825e-05
140 ,0.000111125,4.2125e-05,3.75e-05
141 ,0.00011025,4.7e-05,4.075e-05
142 ,0.000107875,4.625e-05,3.95e-05
143 ,0.000116375,4.45e-05,4.05e-05
144 ,0.000112125,4.5e-05,4.475e-05
145 ,0.000117125,4.525e-05,4.225e-05
146 ,0.000114,4.475e-05,4.025e-05
147 ,0.000112625,4.9125e-05,4.1875e-05
148 ,0.000121125,4.9125e-05,4.0625e-05
149 ,0.000119,4.7e-05,3.925e-05
150 ,0.000120875,4.9125e-05,4.2875e-05
151 ,0.00011675,4.6e-05,4.2125e-05
152 ,0.000119125,4.6625e-05,4.075e-05
153 ,0.00012,4.65e-05,4.4e-05
154 ,0.00012475,5.2125e-05,4.3e-05
155 ,0.000133125,5.1125e-05,4.6125e-05
156 ,0.00013225,5.2625e-05,4.6875e-05
157 ,0.00013225,4.825e-05,4.725e-05
158 ,0.000128875,4.8375e-05,4.475e-05
159 ,0.00012725,5.05e-05,4.725e-05
160 ,0.0001295,4.9125e-05,4.75e-05
161 ,0.000130875,4.975e-05,4.6375e-05
162 ,0.000142875,5.0125e-05,4.5875e-05
163 ,0.000134875,5.6125e-05,4.9875e-05
164 ,0.000135,5.2125e-05,4.8e-05
165 ,0.00013725,5.5625e-05,4.7e-05
166 ,0.00014375,5.3375e-05,5e-05
167 ,0.00015025,5.625e-05,4.6625e-05
168 ,0.000144375,5.2625e-05,4.8375e-05
169 ,0.000152625,5.825e-05,4.5875e-05
170 ,0.000149625,5.8625e-05,4.9e-05
171 ,0.000152,5.525e-05,4.9625e-05
172 ,0.00016325,5.5625e-05,4.8375e-05
173 ,0.000155625,5.375e-05,4.7625e-05
174 ,0.00015375,5.4125e-05,4.8375e-05
175 ,0.00015625,5.7375e-05,4.8625e-05
176 ,0.000164125,5.5e-05,4.8375e-05
177 ,0.000162875,5.85e-05,4.9e-05
178 ,0.000167,6.1e-05,5.325e-05
179 ,0.000162125,6e-05,5.0125e-05
180 ,0.00016925,5.6375e-05,5.1625e-05
181 ,0.000168875,5.95e-05,5.35e-05
182 ,0.000179,5.7625e-05,4.9625e-05
183 ,0.000171125,6.4375e-05,4.925e-05
184 ,0.000177625,5.825e-05,5.225e-05
185 ,0.000183,5.85e-05,5.625e-05
186 ,0.0001765,5.85e-05,5.7125e-05
187 ,0.000176375,6.0375e-05,5.2875e-05
188 ,0.000191625,5.9625e-05,5.55e-05
189 ,0.0001865,6.025e-05,5.675e-05
190 ,0.00019275,6.125e-05,5.6625e-05
191 ,0.000196625,6.3e-05,5.1875e-05
192 ,0.000193875,6.0625e-05,5.625e-05
193 ,0.000196125,6.075e-05,5.825e-05
194 ,0.000193625,6.35e-05,5.5875e-05
195 ,0.000200375,6.25e-05,5.85e-05
196 ,0.000194,6.25e-05,5.475e-05
197 ,0.000208875,7e-05,5.3375e-05
198 ,0.000202125,6.425e-05,5.4625e-05
199 ,0.000205,6.75e-05,5.9125e-05
200 ,0.000214875,6.3875e-05,5.6375e-05
